0	20	95	105
1	1	1	1.00E-18	1
0	0.0033	58	169			3.70431E-07	4.70189E-07	5.95562E-07	7.52786E-07	9.49525E-07	1.19518E-06	1.50124E-06	1.88173E-06	2.35374E-06	2.93801E-06	3.65967E-06	4.54909E-06	5.64289E-06	6.98513E-06	8.62866E-06	1.06368E-05	1.3085E-05	1.60633E-05	1.96786E-05	2.40578E-05	2.93505E-05	3.57336E-05	4.34151E-05	5.2639E-05	6.36909E-05	7.69045E-05	9.26683E-05	0.000111434	0.000133724	0.000160144	0.000191391	0.000228266	0.000271689	0.000322712	0.000382535	0.000452523	0.000534228	0.000629403	0.000740028	0.000868334	0.001016823	0.001188299	0.001385889	0.001613079	0.001873735	0.002172139	0.002513018	0.002901574	0.003343514	0.003845084	0.004413096	0.005054958	0.005778698	0.006592993	0.007507187	0.008531312	0.0096761	0.010952994	0.012374152	0.013952445	0.015701449	0.017635426	0.019769304	0.022118643	0.024699593	0.027528841	0.030623553	0.0340013	0.037679977	0.041677712	0.046012761	0.050703397	0.055767787	0.061223861	0.067089173	0.073380751	0.080114949	0.087307282	0.094972269	0.103123267	0.111772306	0.120929926	0.130605017	0.140804666	0.151534008	0.16279609	0.174591743	0.186919468	0.199775343	0.213152938	0.227043254	0.241434684	0.256312989	0.271661304	0.287460166	0.303687581	0.320319192	0.337328731	0.354689436	0.372378201	0.390386443	0.408744504	0.427566764	0.447115529	0.467855363	0.490430222	0.51547591	0.543234435	0.573089589	0.603316831	0.631360026	0.654688312	0.671863067	0.683197736	0.690589351	0.696631601	0.703561278	0.712604344	0.72392872	0.737018666	0.75113581	0.765632926	0.780069368	0.794194261	0.807882956	0.821079078	0.833758123	0.84590934	0.857528176	0.868613562	0.879166996	0.889192217	0.898695019	0.907683101	0.91616592	0.924154525	0.931661405	0.93870032	0.945286137	0.951434666	0.957162502	0.962486865	0.967425448	0.971996276	0.976217564	0.980107592	0.983684588	0.986966611	0.98997146	0.99271658	0.995218985	0.997495192	0.99956116	1.001432243	1.003123152	1.004647925	1.006019905	1.007251727	1.008355313	1.009341869	1.010221894	1.011005191	1.01170088	1.012317421	1.012862633	1.013343725	1.013767317	1.014139473	1.01446573	1.014751129	1.015000246	1.015217222	1.015405794	1.015569325	1.015710833	1.015833019	1.015938293	1.016028797	1.016106437	1.016172896	1.016229661	1.016278042	1.016319186	1.016354101	1.016383665	1.016408645	1.016429705	1.016447422	1.016462294	1.016474751	1.016485163	1.016493847	1.016501073	1.016507073	1.016512045	1.016516156	1.016519547	1.016522339	1.016524632	1.016526512	1.016528049	1.016529304	1.016530326	1.016531156	1.016531829	1.016532373	1.016532813	1.016533167	1.016533452	1.01653368	1.016533863	1.016534008	1.016534125	1.016534217	1.01653429	1.016534349	1.016534394	1.016534431	1.016534459	1.016534481	1.016534499	1.016534512	1.016534523	1.016534531	1.016534538	1.016534543	1.016534547	1.01653455	1.016534552	1.016534554	1.016534555	1.016534556	1.016534557	1.016534557	1.016534558	1.016534558	1.016534558	1.016534559	1.016534559	1.016534559	1.016534559	1.016534559	1.016534559	1.016534559	1.016534559	1.016534559	1.016534559	1.016534559	1.016534559	1.016534559	1.016534559	1.016534559	1.016534559	1.016534559	1.016534559	1.016534559	1.016534559	1.016534559	1.016534559	1.016534559	1.016534559	1.016534559	1.016534559	1.016534559	1.016534559	1.016534559	1.016534559	1.016534559	1.016534559	1.016534559	1.016534559	1.016534559	1.016534559	1.016534559	1.016534559	1.016534559	1.016534559	1.016534559	1.016534559	1.016534559	1.016534559	1.016534559	1.016534559	1.016534559	1.016534559	1.016534559	1.016534559	1.016534559	1.016534559	1.016534559	1.016534559	1.016534559	1.016534559	1.016534559	1.016534559	1.016534559	1.016534559	1.016534559	1.016534559	1.016534559	end
0.02	0.0033	58	169		1.17629E-05	1.38657E-05	1.63232E-05	1.91913E-05	2.25339E-05	2.64244E-05	3.09464E-05	3.61952E-05	4.22794E-05	4.93223E-05	5.74639E-05	6.68629E-05	7.76986E-05	9.01737E-05	0.000104517	0.000120985	0.000139867	0.000161489	0.000186213	0.000214446	0.000246643	0.000283309	0.00032501	0.000372371	0.000426087	0.00048693	0.000555749	0.000633486	0.000721177	0.000819961	0.00093109	0.001055938	0.001196008	0.001352941	0.001528529	0.001724723	0.001943641	0.002187585	0.002459046	0.002760716	0.003095503	0.003466536	0.00387718	0.004331047	0.004832004	0.005384186	0.005992002	0.006660148	0.007393614	0.008197692	0.009077981	0.010040393	0.011091161	0.012236837	0.013484293	0.014840726	0.016313651	0.017910897	0.019640605	0.021511212	0.023531448	0.025710318	0.028057088	0.030581271	0.03329261	0.036201066	0.039316814	0.042650248	0.046212021	0.050013123	0.054065032	0.058379976	0.062971346	0.06785433	0.073046828	0.078570717	0.084453499	0.090730347	0.097446449	0.104659486	0.112441879	0.120882325	0.130085968	0.140172447	0.15127109	0.16351267	0.177017499	0.191880179	0.208152065	0.225823199	0.244806199	0.264924946	0.285910914	0.307409385	0.328996705	0.35020816	0.370574295	0.389661883	0.407114566	0.422687797	0.436273203	0.447908834	0.457773822	0.466168211	0.473480923	0.480150379	0.486623114	0.493315567	0.500583273	0.508700189	0.517849107	0.528122457	0.539531554	0.552021562	0.565489274	0.579801094	0.594809193	0.610364578	0.626326522	0.642568445	0.658980722	0.675471132	0.691963708	0.708396677	0.724720043	0.740893191	0.756882757	0.772660868	0.788203772	0.803490828	0.818503798	0.833226375	0.847643873	0.861743042	0.875511962	0.888939979	0.902017676	0.914736848	0.927090492	0.939072795	0.950679116	0.961905969	0.972750994	0.983212937	0.993291608	1.00298785	1.01230349	1.021241303	1.029804954	1.037998951	1.045828593	1.053299911	1.06041961	1.067195015	1.073634011	1.079744981	1.085536752	1.091018535	1.096199866	1.101090557	1.105700634	1.11004029	1.114119835	1.117949645	1.121540121	1.124901642	1.128044531	1.130979013	1.133715181	1.136262971	1.138632126	1.140832176	1.142872413	1.144761876	1.146509326	1.148123241	1.149611799	1.15098287	1.15224401	1.153402456	1.154465125	1.155438608	1.15632918	1.157142794	1.157885089	1.158561397	1.159176746	1.159735869	1.160243213	1.160702948	1.161118975	1.161494937	1.16183423	1.162140016	1.162415228	1.162662587	1.162884609	1.163083619	1.163261759	1.163421001	1.163563156	1.163689886	1.16380271	1.163903018	1.163992077	1.164071041	1.164140959	1.164202783	1.164257376	1.164305519	1.164347915	1.1643852	1.164417945	1.164446664	1.164471818	1.164493819	1.164513037	1.1645298	1.164544403	1.164557106	1.164568142	1.164577717	1.164586011	1.164593188	1.164599389	1.16460474	1.16460935	1.164613317	1.164616726	1.164619652	1.164622159	1.164624305	1.164626139	1.164627704	1.164629039	1.164630174	1.16463114	1.164631959	1.164632654	1.164633242	1.164633739	1.164634159	1.164634513	1.164634811	1.164635061	1.164635272	1.164635448	1.164635596	1.164635719	1.164635823	1.164635909	1.16463598	1.16463604	1.164636089	1.16463613	1.164636164	1.164636193	1.164636216	1.164636235	1.164636251	1.164636264	1.164636275	1.164636283	1.16463629	1.164636296	1.164636301	1.164636305	1.164636308	1.164636311	1.164636313	1.164636315	1.164636316	1.164636317	1.164636318	1.164636319	1.164636319	1.16463632	1.16463632	1.164636321	1.164636321	1.164636321	1.164636321	1.164636321	1.164636321	1.164636321	1.164636322	1.164636322	1.164636322	1.164636322	1.164636322	1.164636322	1.164636322	1.164636322	1.164636322	1.164636322	1.164636322	1.164636322	1.164636322	1.164636322	1.164636322	end
0.03	0.0033	58	169		7.49685E-25	2.10217E-24	5.83731E-24	1.60515E-23	4.37097E-23	1.17868E-22	3.14756E-22	8.32354E-22	2.17972E-21	5.65261E-21	1.45163E-20	3.69166E-20	9.29703E-20	2.31859E-19	5.72614E-19	1.40042E-18	3.39165E-18	8.13433E-18	1.93193E-17	4.54377E-17	1.05828E-16	2.44085E-16	5.57495E-16	1.26095E-15	2.82431E-15	6.26447E-15	1.37599E-14	2.99296E-14	6.44684E-14	1.37515E-13	2.90476E-13	6.07614E-13	1.25865E-12	2.58189E-12	5.24479E-12	1.05506E-11	2.10176E-11	4.14617E-11	8.0997E-11	1.56692E-10	3.00182E-10	5.69482E-10	1.06987E-09	1.99041E-09	3.66699E-09	6.69014E-09	1.2087E-08	2.16251E-08	3.8314E-08	6.72222E-08	1.16796E-07	2.00955E-07	3.42395E-07	5.77715E-07	9.6529E-07	1.5972E-06	2.6171E-06	4.24656E-06	6.82358E-06	1.08579E-05	1.71094E-05	2.66983E-05	4.12563E-05	6.31326E-05	9.56699E-05	0.000143567	0.00021335	0.000313969	0.000457552	0.000660316	0.000943672	0.001335514	0.001871692	0.002597639	0.003570112	0.004858966	0.006548849	0.008740689	0.011552773	0.015121235	0.019599696	0.025157835	0.031978639	0.040254149	0.050179544	0.061945528	0.075729062	0.091682677	0.109922716	0.130517042	0.15347292	0.178725881	0.206130485	0.235453931	0.266373399	0.298477904	0.33127519	0.36420395	0.396651257	0.427974743	0.457528626	0.484692356	0.508900316	0.529670828	0.54663263	0.559547027	0.568324154	0.573032083	0.573897975	0.571300986	0.565757162	0.557897155	0.548437992	0.538150588	0.527824901	0.518234772	0.510104447	0.504078595	0.50069737	0.500377648	0.503401148	0.509909667	0.519907251	0.533268665	0.549753269	0.569023119	0.590663991	0.614207993	0.639156452	0.665001898	0.691248154	0.717427738	0.743116036	0.767941961	0.791595006	0.813828837	0.834461722	0.853374217	0.870504617	0.885842732	0.899422527	0.911314163	0.921615903	0.930446281	0.937936853	0.944225759	0.949452225	0.953752099	0.957254401	0.960078836	0.962334195	0.964117509	0.965513834	0.966596534	0.967427927	0.968060182	0.968536368	0.968891562	0.969153965	0.969345961	0.969485096	0.969584962	0.969655956	0.969705944	0.969740806	0.969764886	0.969781362	0.969792526	0.96980002	0.969805002	0.969808283	0.969810422	0.969811805	0.969812689	0.96981325	0.969813602	0.96981382	0.969813955	0.969814037	0.969814087	0.969814117	0.969814134	0.969814145	0.969814151	0.969814154	0.969814156	0.969814157	0.969814158	0.969814158	0.969814158	0.969814159	0.969814159	0.969814159	0.969814159	0.969814159	0.969814159	0.969814159	0.969814159	0.969814159	0.969814159	0.969814159	0.969814159	0.969814159	0.969814159	0.969814159	0.969814159	0.969814159	0.969814159	0.969814159	0.969814159	0.969814159	0.969814159	0.969814159	0.969814159	0.969814159	0.969814159	0.969814159	0.969814159	0.969814159	0.969814159	0.969814159	0.969814159	0.969814159	0.969814159	0.969814159	0.969814159	0.969814159	0.969814159	0.969814159	0.969814159	0.969814159	0.969814159	0.969814159	0.969814159	0.969814159	0.969814159	0.969814159	0.969814159	0.969814159	0.969814159	0.969814159	0.969814159	0.969814159	0.969814159	0.969814159	0.969814159	0.969814159	0.969814159	0.969814159	0.969814159	0.969814159	0.969814159	0.969814159	0.969814159	0.969814159	0.969814159	0.969814159	0.969814159	0.969814159	0.969814159	0.969814159	0.969814159	0.969814159	0.969814159	0.969814159	0.969814159	0.969814159	0.969814159	0.969814159	0.969814159	0.969814159	0.969814159	0.969814159	0.969814159	0.969814159	0.969814159	0.969814159	0.969814159	0.969814159	0.969814159	0.969814159	0.969814159	0.969814159	0.969814159	0.969814159	0.969814159	0.969814159	0.969814159	0.969814159	0.969814159	0.969814159	0.969814159	0.969814159	0.969814159	0.969814159	0.969814159	0.969814159	0.969814159	0.969814159	0.969814159	end
0.04	0.0033	58	169		5.26433E-07	6.43633E-07	7.85735E-07	9.5776E-07	1.16568E-06	1.4166E-06	1.71893E-06	2.08264E-06	2.51949E-06	3.04338E-06	3.67067E-06	4.42059E-06	5.31571E-06	6.38246E-06	7.65176E-06	9.15972E-06	1.09484E-05	1.30667E-05	1.55715E-05	1.85286E-05	2.20143E-05	2.61166E-05	3.0937E-05	3.65923E-05	4.32169E-05	5.09645E-05	6.00115E-05	7.05592E-05	8.28373E-05	9.71073E-05	0.000113666	0.000132851	0.000155044	0.000180676	0.000210234	0.000244265	0.000283386	0.000328286	0.00037974	0.000438611	0.000505863	0.000582569	0.00066992	0.000769239	0.000881988	0.001009783	0.001154404	0.001317811	0.001502155	0.001709792	0.001943301	0.002205492	0.002499427	0.002828436	0.003196124	0.003606398	0.00406347	0.004571882	0.005136516	0.005762606	0.006455753	0.00722194	0.008067536	0.008999313	0.01002445	0.011150544	0.01238562	0.013738141	0.015217028	0.016831693	0.018592097	0.020508856	0.022593415	0.024858349	0.027317846	0.029988471	0.032890328	0.036048775	0.039496878	0.043278794	0.047454251	0.052104259	0.057338012	0.063300785	0.070182269	0.078224457	0.08772772	0.099053308	0.112620168	0.128893881	0.148365734	0.171520665	0.198793954	0.230518243	0.26686442	0.307781945	0.352945936	0.401719331	0.453138331	0.505927895	0.558551144	0.609292554	0.656370091	0.698066812	0.732868732	0.759593638	0.777495566	0.786332027	0.78638545	0.778436088	0.763689869	0.743670327	0.720087917	0.694702139	0.669191617	0.645045005	0.623481646	0.60540627	0.591397356	0.581724853	0.576390286	0.57518092	0.57772977	0.583574286	0.592208387	0.603124531	0.615844487	0.629939051	0.645038134	0.6608332	0.677074298	0.693563734	0.710148121	0.726710103	0.7431606	0.759432074	0.775473015	0.791243616	0.806712546	0.821854614	0.836649147	0.851078889	0.865129288	0.878788032	0.892044767	0.904890914	0.917319555	0.929325354	0.940904496	0.952054632	0.962774833	0.973065528	0.982928452	0.992366581	1.001384063	1.009986154	1.018179134	1.025970241	1.033367581	1.040380055	1.047017276	1.053289485	1.059207471	1.064782495	1.070026206	1.074950569	1.079567789	1.083890242	1.08793041	1.091700813	1.095213951	1.098482253	1.101518018	1.104333375	1.106940238	1.109350266	1.111574831	1.11362499	1.115511457	1.117244583	1.118834338	1.120290299	1.121621637	1.122837113	1.123945072	1.124953442	1.125869738	1.126701063	1.127454115	1.128135195	1.128750218	1.12930472	1.129803874	1.130252501	1.130655084	1.131015782	1.131338447	1.131626638	1.131883634	1.132112453	1.132315866	1.13249641	1.132656405	1.132797968	1.132923026	1.133033331	1.13313047	1.133215882	1.133290863	1.133356586	1.133414102	1.133464358	1.133508201	1.133546391	1.133579603	1.133608441	1.133633442	1.133655083	1.133673786	1.133689925	1.133703828	1.133715788	1.133726059	1.133734867	1.133742407	1.133748853	1.133754354	1.133759042	1.13376303	1.133766418	1.133769292	1.133771725	1.133773782	1.133775519	1.133776982	1.133778214	1.133779249	1.133780117	1.133780844	1.133781452	1.13378196	1.133782383	1.133782735	1.133783028	1.133783271	1.133783472	1.133783639	1.133783776	1.133783889	1.133783983	1.133784059	1.133784122	1.133784174	1.133784216	1.13378425	1.133784279	1.133784301	1.13378432	1.133784335	1.133784347	1.133784357	1.133784365	1.133784372	1.133784377	1.133784381	1.133784384	1.133784387	1.133784389	1.133784391	1.133784392	1.133784394	1.133784394	1.133784395	1.133784396	1.133784396	1.133784396	1.133784397	1.133784397	1.133784397	1.133784397	1.133784397	1.133784397	1.133784397	1.133784397	1.133784398	1.133784398	1.133784398	1.133784398	1.133784398	1.133784398	1.133784398	1.133784398	1.133784398	1.133784398	1.133784398	1.133784398	1.133784398	1.133784398	1.133784398	1.133784398	end
0.05	0.0033	58	169		4.05708E-07	4.96989E-07	6.07887E-07	7.42408E-07	9.05327E-07	1.10233E-06	1.34018E-06	1.62689E-06	1.97197E-06	2.38663E-06	2.88414E-06	3.48011E-06	4.19291E-06	5.04412E-06	6.05902E-06	7.26719E-06	8.70318E-06	1.04073E-05	1.24264E-05	1.48151E-05	1.76364E-05	2.09637E-05	2.48814E-05	2.94871E-05	3.48933E-05	4.1229E-05	4.86424E-05	5.73035E-05	6.74061E-05	7.9172E-05	9.28535E-05	0.000108738	0.00012715	0.00014846	0.000173084	0.000201495	0.000234222	0.000271862	0.000315086	0.000364644	0.000421375	0.000486217	0.000560212	0.000644521	0.000740432	0.000849369	0.000972908	0.001112789	0.001270924	0.001449416	0.001650571	0.001876911	0.002131192	0.002416416	0.002735847	0.00309303	0.0034918	0.003936303	0.00443101	0.004980728	0.005590622	0.006266219	0.007013428	0.00783855	0.008748288	0.00974976	0.010850511	0.012058528	0.013382265	0.014830676	0.016413282	0.018140279	0.020022723	0.022072835	0.024304499	0.026734045	0.029381435	0.032272034	0.035439141	0.038927503	0.042798006	0.047133716	0.052047275	0.057689495	0.064258681	0.072009802	0.081262179	0.09240387	0.105890527	0.122236286	0.141994378	0.165725692	0.19395466	0.227113454	0.265477571	0.309098123	0.357738262	0.410822598	0.467408944	0.526190693	0.585535676	0.643563366	0.698257413	0.747605243	0.789751814	0.823151385	0.846700055	0.859833216	0.862575872	0.855539497	0.83986583	0.817124659	0.789178207	0.758028256	0.725663245	0.693921225	0.664381087	0.638289744	0.616527684	0.599610506	0.587720242	0.580757942	0.578408204	0.580206874	0.58560475	0.594022191	0.604891836	0.617688643	0.631948046	0.647274073	0.663339788	0.679882478	0.696695761	0.713620404	0.730535098	0.747348043	0.763989748	0.780407204	0.796559381	0.81241387	0.827944491	0.843129626	0.857951107	0.872393488	0.886443586	0.900090194	0.913323905	0.926136997	0.938523363	0.950478446	0.961999197	0.973084019	0.983732722	0.993946461	1.003727677	1.013080036	1.022008353	1.030518522	1.038617439	1.046312921	1.053613628	1.060528978	1.067069065	1.073244579	1.079066721	1.084547126	1.089697784	1.094530963	1.099059139	1.103294922	1.107250997	1.110940053	1.114374733	1.117567575	1.120530965	1.123277089	1.125817898	1.128165063	1.130329952	1.132323597	1.134156671	1.135839471	1.1373819	1.138793455	1.14008322	1.141259861	1.14233162	1.143306319	1.144191361	1.144993737	1.14572003	1.146376426	1.146968723	1.147502346	1.147982355	1.14841346	1.148800039	1.149146149	1.14945554	1.149731677	1.149977747	1.150196682	1.15039117	1.150563669	1.150716426	1.15085149	1.150970723	1.151075816	1.1511683	1.151249562	1.151320851	1.151383294	1.151437902	1.151485584	1.151527153	1.151563337	1.151594783	1.15162207	1.15164571	1.151666158	1.151683819	1.151699047	1.151712159	1.151723429	1.151733102	1.151741391	1.151748483	1.151754541	1.151759708	1.151764108	1.151767849	1.151771025	1.151773717	1.151775995	1.151777919	1.151779543	1.151780911	1.151782061	1.151783026	1.151783836	1.151784514	1.15178508	1.151785553	1.151785946	1.151786274	1.151786546	1.151786771	1.151786958	1.151787112	1.15178724	1.151787345	1.151787431	1.151787502	1.15178756	1.151787608	1.151787647	1.151787678	1.151787704	1.151787725	1.151787743	1.151787757	1.151787768	1.151787777	1.151787784	1.15178779	1.151787795	1.151787799	1.151787802	1.151787804	1.151787806	1.151787808	1.151787809	1.15178781	1.151787811	1.151787812	1.151787812	1.151787812	1.151787813	1.151787813	1.151787813	1.151787813	1.151787813	1.151787814	1.151787814	1.151787814	1.151787814	1.151787814	1.151787814	1.151787814	1.151787814	1.151787814	1.151787814	1.151787814	1.151787814	1.151787814	1.151787814	1.151787814	1.151787814	1.151787814	1.151787814	end
0.06	0.0033	58	169		6.09236E-07	7.4422E-07	9.07744E-07	1.10554E-06	1.34441E-06	1.63244E-06	1.9792E-06	2.39603E-06	2.89631E-06	3.49579E-06	4.21304E-06	5.06987E-06	6.09183E-06	7.30887E-06	8.75595E-06	1.04739E-05	1.25102E-05	1.49202E-05	1.77679E-05	2.11277E-05	2.50854E-05	2.97403E-05	3.52065E-05	4.16156E-05	4.91184E-05	5.78881E-05	6.81225E-05	8.00476E-05	9.39213E-05	0.000110037	0.000128727	0.00015037	0.000175393	0.000204279	0.000237573	0.000275887	0.000319909	0.000370412	0.00042826	0.000494417	0.00056996	0.000656085	0.000754123	0.000865548	0.00099199	0.001135252	0.001297316	0.001480367	0.0016868	0.00191924	0.002180556	0.002473878	0.002802615	0.003170469	0.003581456	0.004039917	0.004550543	0.005118382	0.005748865	0.006447813	0.007221455	0.008076442	0.009019859	0.010059231	0.01120254	0.012458225	0.013835191	0.015342815	0.016990948	0.018789924	0.020750579	0.022884275	0.025202965	0.027719305	0.030446855	0.033400422	0.036596628	0.040054823	0.043798482	0.047857308	0.052270261	0.057089792	0.062387537	0.068261668	0.074845946	0.082320287	0.090922249	0.100958374	0.11281371	0.12695724	0.143940424	0.164385798	0.188962714	0.218348056	0.253171164	0.293944327	0.340982828	0.394321381	0.453636434	0.518185553	0.586775563	0.657769695	0.729140626	0.798571182	0.863598139	0.921787957	0.970927602	1.009209794	1.035391104	1.048903556	1.049905652	1.039266285	1.018483622	0.98954928	0.954774742	0.916600809	0.877411624	0.83937242	0.804305306	0.773611161	0.748239075	0.728698953	0.715108535	0.707263673	0.704720206	0.706876894	0.713051134	0.722541984	0.734677797	0.748848207	0.764521987	0.781253376	0.798679931	0.816514867	0.834536455	0.85257647	0.87050907	0.888240918	0.905702952	0.922843841	0.939625024	0.956017076	0.971997141	0.987547175	1.002652779	1.017302439	1.03148704	1.045199555	1.058434849	1.071189541	1.083461904	1.09525178	1.106560507	1.117390843	1.127746888	1.13763401	1.14705876	1.156028788	1.164552753	1.172640241	1.180301666	1.187548186	1.194391609	1.200844308	1.206919127	1.2126293	1.217988367	1.223010095	1.2277084	1.232097274	1.23619072	1.240002687	1.243547008	1.24683735	1.249887162	1.25270963	1.255317639	1.257723736	1.2599401	1.261978517	1.263850359	1.265566564	1.267137625	1.268573582	1.26988401	1.271078024	1.272164273	1.273150946	1.274045778	1.274856055	1.275588626	1.276249913	1.276845923	1.277382265	1.277864162	1.278296466	1.27868368	1.279029965	1.279339167	1.279614828	1.279860203	1.28007828	1.280271795	1.280443247	1.280594916	1.280728875	1.280847008	1.280951022	1.281042464	1.281122727	1.281193069	1.281254619	1.281308394	1.281355302	1.281396156	1.281431682	1.281462528	1.281489268	1.281512412	1.281532413	1.281549671	1.281564539	1.281577329	1.281588312	1.281597731	1.281605794	1.281612687	1.281618571	1.281623584	1.28162785	1.281631474	1.281634548	1.281637151	1.281639352	1.28164121	1.281642777	1.281644095	1.281645203	1.281646133	1.281646911	1.281647563	1.281648106	1.28164856	1.281648937	1.281649251	1.281649512	1.281649727	1.281649906	1.281650053	1.281650175	1.281650275	1.281650358	1.281650425	1.281650481	1.281650526	1.281650563	1.281650593	1.281650618	1.281650638	1.281650654	1.281650667	1.281650678	1.281650687	1.281650694	1.281650699	1.281650704	1.281650707	1.28165071	1.281650713	1.281650715	1.281650716	1.281650717	1.281650718	1.281650719	1.28165072	1.28165072	1.28165072	1.281650721	1.281650721	1.281650721	1.281650721	1.281650721	1.281650721	1.281650721	1.281650722	1.281650722	1.281650722	1.281650722	1.281650722	1.281650722	1.281650722	1.281650722	1.281650722	1.281650722	1.281650722	1.281650722	1.281650722	1.281650722	1.281650722	1.281650722	end
0.07	0.0033	58	169		5.4703E-07	6.68536E-07	8.15803E-07	9.94012E-07	1.20933E-06	1.46908E-06	1.78194E-06	2.15818E-06	2.60994E-06	3.15154E-06	3.79982E-06	4.57459E-06	5.49909E-06	6.60054E-06	7.91077E-06	9.4669E-06	1.13122E-05	1.34971E-05	1.60799E-05	1.91284E-05	2.2721E-05	2.69482E-05	3.19142E-05	3.77393E-05	4.45613E-05	5.25383E-05	6.18515E-05	7.27077E-05	8.53429E-05	0.000100026	0.000117061	0.000136795	0.000159621	0.00018598	0.000216373	0.000251363	0.000291581	0.000337738	0.000390627	0.000451137	0.000520256	0.000599088	0.000688857	0.000790921	0.000906783	0.001038105	0.001186716	0.001354632	0.001544065	0.001757438	0.001997403	0.002266854	0.002568942	0.002907093	0.003285023	0.003706753	0.004176627	0.004699325	0.00527988	0.005923691	0.006636539	0.007424598	0.008294445	0.009253074	0.010307902	0.011466774	0.012737973	0.014130219	0.015652672	0.017314935	0.01912706	0.021099555	0.023243418	0.025570186	0.028092043	0.030822023	0.033774345	0.036964991	0.040412634	0.044140087	0.048176497	0.052560544	0.05734497	0.06260272	0.068434978	0.074981187	0.082430907	0.091036938	0.101128589	0.113123284	0.127533988	0.144969284	0.166122553	0.191746778	0.222612226	0.259445799	0.30285318	0.353227952	0.410655202	0.474820283	0.54493568	0.61969965	0.69729894	0.775464198	0.851580841	0.922850812	0.986492881	1.039962261	1.081165659	1.108646472	1.121717227	1.120522372	1.106023262	1.079907314	1.044433054	1.00223066	0.956082248	0.908707092	0.862574216	0.819759147	0.781854217	0.749934081	0.724571202	0.70589102	0.693653692	0.687348801	0.686290809	0.689705708	0.696802667	0.706827705	0.719099256	0.733027532	0.748120783	0.763982033	0.780299743	0.796835336	0.813409823	0.829891078	0.846182652	0.862214506	0.877935723	0.893309002	0.908306661	0.922907829	0.937096543	0.950860479	0.96419014	0.977078331	0.989519837	1.001511203	1.013050596	1.024137693	1.034773602	1.044960774	1.054702938	1.064005019	1.07287306	1.081314144	1.089336312	1.096948479	1.104160349	1.11098233	1.117425447	1.123501263	1.129221793	1.134599422	1.139646831	1.144376918	1.148802728	1.152937384	1.156794024	1.160385738	1.163725515	1.166826189	1.169700395	1.172360523	1.174818684	1.177086674	1.179175945	1.181097584	1.182862286	1.184480344	1.185961634	1.187315603	1.188551267	1.189677208	1.19070157	1.191632065	1.192475979	1.193240175	1.193931106	1.194554823	1.195116988	1.195622885	1.196077438	1.196485222	1.196850478	1.197177132	1.197468809	1.197728848	1.197960321	1.198166044	1.198348596	1.198510336	1.198653413	1.198779783	1.198891224	1.198989345	1.199075605	1.199151319	1.199217672	1.199275732	1.199326456	1.199370702	1.199409237	1.199442746	1.199471839	1.199497059	1.199518887	1.19953775	1.199554025	1.199568046	1.199580106	1.199590463	1.199599344	1.199606947	1.199613445	1.199618992	1.199623718	1.199627739	1.199631155	1.199634052	1.199636506	1.19963858	1.199640331	1.199641807	1.19964305	1.199644093	1.199644969	1.199645702	1.199646316	1.199646828	1.199647255	1.199647611	1.199647906	1.199648151	1.199648354	1.199648523	1.199648661	1.199648776	1.19964887	1.199648948	1.199649011	1.199649063	1.199649106	1.199649141	1.199649169	1.199649192	1.199649211	1.199649227	1.199649239	1.199649249	1.199649257	1.199649264	1.199649269	1.199649273	1.199649277	1.199649279	1.199649281	1.199649283	1.199649285	1.199649286	1.199649287	1.199649287	1.199649288	1.199649288	1.199649289	1.199649289	1.199649289	1.199649289	1.199649289	1.19964929	1.19964929	1.19964929	1.19964929	1.19964929	1.19964929	1.19964929	1.19964929	1.19964929	1.19964929	1.19964929	1.19964929	1.19964929	1.19964929	1.19964929	1.19964929	1.19964929	1.19964929	1.19964929	end
0.08	0.0033	58	169		3.9516E-07	4.84106E-07	5.92173E-07	7.23264E-07	8.82036E-07	1.07403E-06	1.30584E-06	1.58527E-06	1.92158E-06	2.32572E-06	2.8106E-06	3.39144E-06	4.08613E-06	4.9157E-06	5.90476E-06	7.08213E-06	8.48147E-06	1.0142E-05	1.21094E-05	1.44367E-05	1.71854E-05	2.04267E-05	2.42429E-05	2.8729E-05	3.39942E-05	4.0164E-05	4.73827E-05	5.58152E-05	6.56502E-05	7.71029E-05	9.04185E-05	0.000105876	0.00012379	0.000144521	0.000168473	0.000196103	0.000227925	0.000264519	0.000306533	0.000354695	0.000409817	0.000472807	0.000544675	0.000626542	0.000719653	0.000825387	0.000945267	0.001080971	0.001234346	0.001407422	0.001602423	0.001821781	0.002068151	0.002344423	0.002653742	0.002999516	0.003385435	0.003815482	0.004293952	0.00482546	0.005414958	0.006067747	0.006789486	0.007586206	0.008464314	0.009430605	0.010492266	0.011656878	0.012932423	0.014327281	0.01585023	0.017510454	0.019317543	0.021281513	0.023412847	0.025722573	0.028222407	0.030925009	0.03384442	0.03699676	0.04040134	0.044082345	0.04807132	0.052410706	0.057158718	0.062395804	0.068232875	0.074821286	0.082364292	0.091129262	0.101459419	0.113783247	0.128619101	0.146572056	0.168319837	0.194584904	0.226090623	0.263501025	0.307345864	0.357935462	0.415272699	0.478972161	0.548198128	0.621633385	0.697489292	0.773563961	0.847350106	0.916187627	0.977449298	1.028742095	1.068102877	1.094166137	1.106283757	1.104582029	1.089948785	1.063952274	1.028701899	0.98666784	0.940480806	0.892734191	0.845808837	0.801735883	0.762106951	0.728034132	0.700156105	0.678682002	0.663461792	0.654071109	0.649899307	0.650231651	0.654319294	0.661433635	0.670904211	0.682141285	0.694645588	0.708008289	0.721904327	0.736081899	0.75035037	0.764568216	0.778632041	0.792467197	0.806020194	0.819252812	0.83213771	0.844655264	0.856791355	0.868535867	0.879881688	0.890824061	0.901360154	0.911488792	0.921210264	0.930526192	0.939439426	0.947953955	0.956074828	0.963808076	0.971160631	0.978140255	0.984755455	0.991015414	0.996929903	1.002509211	1.007764069	1.012705569	1.017345101	1.021694275	1.025764861	1.029568719	1.033117745	1.03642381	1.03949871	1.042354117	1.045001534	1.047452256	1.049717334	1.051807542	1.053733353	1.055504909	1.057132006	1.058624077	1.059990178	1.061238981	1.062378763	1.063417409	1.064362405	1.065220847	1.065999436	1.066704492	1.067341957	1.067917404	1.068436053	1.068902774	1.069322108	1.069698273	1.070035185	1.070336464	1.070605458	1.070845247	1.071058668	1.071248321	1.071416589	1.071565649	1.071697485	1.071813906	1.071916551	1.072006909	1.072086326	1.072156017	1.072217077	1.07227049	1.072317142	1.072357824	1.072393244	1.072424034	1.072450758	1.072473916	1.072493953	1.072511261	1.07252619	1.072539045	1.072550098	1.072559586	1.072567718	1.072574677	1.072580623	1.072585695	1.072590015	1.072593688	1.072596807	1.072599451	1.072601689	1.07260358	1.072605175	1.072606519	1.07260765	1.072608599	1.072609395	1.072610061	1.072610618	1.072611083	1.07261147	1.072611792	1.072612059	1.072612281	1.072612465	1.072612617	1.072612742	1.072612845	1.07261293	1.072613	1.072613057	1.072613104	1.072613142	1.072613174	1.072613199	1.07261322	1.072613237	1.072613251	1.072613262	1.072613271	1.072613278	1.072613284	1.072613288	1.072613292	1.072613295	1.072613298	1.0726133	1.072613301	1.072613302	1.072613303	1.072613304	1.072613305	1.072613305	1.072613306	1.072613306	1.072613306	1.072613306	1.072613306	1.072613307	1.072613307	1.072613307	1.072613307	1.072613307	1.072613307	1.072613307	1.072613307	1.072613307	1.072613307	1.072613307	1.072613307	1.072613307	1.072613307	1.072613307	1.072613307	1.072613307	1.072613307	1.072613307	1.072613307	end
0.09	0.0033	58	169		1.92856E-07	2.37699E-07	2.92521E-07	3.59438E-07	4.40988E-07	5.40216E-07	6.60761E-07	8.06973E-07	9.84038E-07	1.19813E-06	1.45657E-06	1.76807E-06	2.14292E-06	2.5933E-06	3.13357E-06	3.78065E-06	4.55443E-06	5.47826E-06	6.57949E-06	7.89013E-06	9.44752E-06	1.12952E-05	1.34838E-05	1.60722E-05	1.91286E-05	2.27318E-05	2.6973E-05	3.19573E-05	3.78057E-05	4.4657E-05	5.26707E-05	6.20292E-05	7.29408E-05	8.56433E-05	0.000100407	0.00011754	0.000137391	0.000160353	0.000186875	0.000217458	0.000252668	0.000293144	0.000339597	0.000392826	0.000453725	0.000523287	0.000602621	0.000692956	0.000795654	0.000912224	0.001044331	0.00119381	0.001362677	0.001553146	0.001767643	0.002008816	0.002279555	0.002583006	0.002922583	0.003301989	0.003725225	0.00419661	0.004720794	0.005302768	0.005947887	0.006661872	0.007450828	0.008321252	0.009280043	0.010334509	0.011492375	0.012761789	0.014151332	0.015670034	0.017327399	0.019133457	0.021098855	0.023235022	0.02555445	0.028071168	0.030801503	0.033765275	0.036987623	0.040501679	0.044352398	0.048601836	0.053336153	0.058674549	0.064780136	0.071872439	0.080240767	0.090257132	0.102386671	0.117192912	0.135334619	0.157550754	0.184630318	0.217364779	0.256482471	0.302566804	0.355963149	0.416682441	0.484312459	0.557949607	0.636164402	0.717012109	0.798096152	0.876686	0.949884165	1.01482951	1.068917686	1.110015286	1.136643221	1.148107312	1.144559925	1.126984914	1.097107763	1.057242185	1.010091992	0.958531614	0.905389777	0.853258423	0.80434377	0.760369455	0.722534298	0.691520462	0.667542652	0.650425959	0.639699079	0.634690637	0.634618734	0.638666886	0.646042722	0.656018643	0.667955798	0.681314128	0.69565187	0.710617958	0.725940379	0.741412904	0.75688195	0.772234671	0.787388837	0.802284669	0.816878539	0.831138287	0.84503987	0.85856503	0.871699719	0.884433069	0.896756719	0.908664394	0.920151633	0.931215608	0.941855001	0.95206991	0.961861769	0.971233274	0.980188308	0.988731873	0.996870009	1.004609723	1.011958903	1.01892624	1.025521152	1.031753692	1.037634478	1.043174603	1.048385566	1.053279188	1.057867542	1.062162881	1.066177572	1.069924029	1.073414657	1.076661792	1.079677653	1.082474291	1.085063549	1.087457022	1.089666021	1.091701548	1.093574265	1.095294475	1.096872105	1.098316688	1.099637357	1.100842836	1.101941436	1.102941052	1.103849168	1.104672857	1.105418788	1.106093237	1.106702092	1.107250863	1.1077447	1.108188401	1.108586426	1.108942914	1.109261696	1.10954631	1.109800017	1.110025817	1.110226462	1.110404473	1.110562154	1.110701607	1.110824744	1.110933303	1.111028857	1.111112834	1.111186518	1.111251069	1.11130753	1.111356837	1.111399829	1.111437255	1.111469784	1.111498013	1.11152247	1.111543628	1.111561901	1.111577659	1.111591226	1.111602888	1.111612897	1.111621474	1.111628812	1.11163508	1.111640425	1.111644977	1.111648846	1.111652131	1.111654915	1.11165727	1.11165926	1.111660938	1.111662352	1.11166354	1.111664538	1.111665374	1.111666074	1.111666658	1.111667146	1.111667552	1.11166789	1.11166817	1.111668403	1.111668595	1.111668754	1.111668885	1.111668993	1.111669082	1.111669155	1.111669215	1.111669264	1.111669304	1.111669337	1.111669363	1.111669385	1.111669402	1.111669417	1.111669428	1.111669438	1.111669445	1.111669451	1.111669456	1.11166946	1.111669463	1.111669466	1.111669468	1.111669469	1.11166947	1.111669472	1.111669472	1.111669473	1.111669473	1.111669474	1.111669474	1.111669474	1.111669475	1.111669475	1.111669475	1.111669475	1.111669475	1.111669475	1.111669475	1.111669475	1.111669475	1.111669475	1.111669475	1.111669475	1.111669475	1.111669475	1.111669475	1.111669475	1.111669475	1.111669475	1.111669475	end
0.1	0.0033	58	169		1.62184E-06	1.96481E-06	2.37671E-06	2.87058E-06	3.46181E-06	4.16848E-06	5.0118E-06	6.01659E-06	7.21189E-06	8.63158E-06	1.03151E-05	1.23084E-05	1.46646E-05	1.74455E-05	2.07225E-05	2.45779E-05	2.91066E-05	3.4418E-05	4.06374E-05	4.79085E-05	5.63957E-05	6.62869E-05	7.77961E-05	9.11667E-05	0.000106675	0.000124636	0.000145402	0.000169375	0.000197007	0.000228805	0.00026534	0.000307251	0.000355253	0.000410145	0.000472816	0.000544257	0.000625565	0.000717959	0.000822782	0.00094152	0.001075807	0.001227441	0.00139839	0.001590813	0.001807063	0.002049708	0.002321541	0.00262559	0.002965138	0.00334373	0.00376519	0.004233631	0.004753468	0.00532943	0.005966569	0.00667027	0.007446261	0.008300617	0.009239766	0.010270496	0.011399949	0.01263563	0.013985394	0.015457447	0.017060335	0.01880293	0.02069442	0.022744289	0.024962293	0.027358441	0.029942971	0.032726319	0.035719103	0.03893211	0.042376303	0.046062864	0.050003307	0.054209685	0.058694982	0.063473758	0.068563193	0.073984703	0.079766347	0.085946293	0.092577626	0.099734777	0.107521767	0.116082289	0.125611373	0.136367947	0.14868708	0.162990033	0.179789615	0.199687801	0.223362314	0.251539096	0.284948411	0.324263913	0.37002631	0.42255607	0.481862699	0.547560872	0.61880552	0.694258403	0.772097084	0.850073618	0.925624727	0.996028475	1.058595429	1.110876193	1.150863145	1.177163198	1.1891207	1.186875193	1.171346726	1.144150596	1.107452279	1.063780429	1.015820176	0.966209894	0.917362271	0.871325536	0.829694036	0.793570346	0.763574687	0.739892641	0.722349358	0.710497662	0.703708553	0.70125487	0.702381814	0.706361075	0.712527939	0.720302786	0.729199634	0.738824979	0.748870158	0.759100091	0.769340662	0.77946633	0.789388959	0.799048382	0.808404799	0.817432926	0.826117654	0.834450925	0.842429557	0.85005376	0.857326145	0.864251074	0.870834226	0.877082315	0.883002884	0.888604171	0.89389499	0.89888464	0.903582828	0.907999592	0.912145232	0.916030248	0.919665277	0.923061036	0.926228268	0.929177688	0.931919939	0.934465549	0.936824889	0.939008136	0.941025244	0.942885914	0.944599571	0.946175337	0.947622021	0.948948101	0.950161711	0.951270639	0.952282314	0.953203808	0.954041834	0.954802751	0.955492563	0.956116927	0.956681161	0.95719025	0.957648859	0.958061342	0.958431752	0.958763855	0.959061143	0.959326846	0.959563945	0.959775184	0.959963088	0.96012997	0.960277948	0.960408956	0.960524758	0.960626957	0.960717008	0.96079623	0.960865815	0.96092684	0.960980272	0.961026983	0.961067753	0.961103282	0.961134195	0.961161049	0.96118434	0.961204509	0.961221947	0.961237	0.961249974	0.961261138	0.961270729	0.961278957	0.961286003	0.961292028	0.961297172	0.961301556	0.961305288	0.961308458	0.961311148	0.961313426	0.961315353	0.96131698	0.961318351	0.961319505	0.961320475	0.961321289	0.961321971	0.961322541	0.961323017	0.961323414	0.961323745	0.961324019	0.961324247	0.961324436	0.961324592	0.961324721	0.961324828	0.961324915	0.961324987	0.961325046	0.961325095	0.961325134	0.961325167	0.961325193	0.961325214	0.961325232	0.961325246	0.961325258	0.961325267	0.961325274	0.96132528	0.961325285	0.961325289	0.961325292	0.961325295	0.961325297	0.961325298	0.9613253	0.961325301	0.961325302	0.961325302	0.961325303	0.961325303	0.961325303	0.961325304	0.961325304	0.961325304	0.961325304	0.961325304	0.961325304	0.961325304	0.961325304	0.961325305	0.961325305	0.961325305	0.961325305	0.961325305	0.961325305	0.961325305	0.961325305	0.961325305	0.961325305	0.961325305	0.961325305	0.961325305	0.961325305	0.961325305	0.961325305	0.961325305	0.961325305	0.961325305	0.961325305	0.961325305	0.961325305	0.961325305	0.961325305	end
0.11	0.0033	58	169		6.26014E-08	7.78058E-08	9.6554E-08	1.19635E-07	1.48006E-07	1.82824E-07	2.25485E-07	2.77673E-07	3.41414E-07	4.19144E-07	5.1378E-07	6.28818E-07	7.68434E-07	9.37609E-07	1.14228E-06	1.38949E-06	1.68762E-06	2.04658E-06	2.4781E-06	2.99603E-06	3.61667E-06	4.35921E-06	5.24619E-06	6.30403E-06	7.56363E-06	9.06109E-06	1.08385E-05	1.29449E-05	1.54371E-05	1.83812E-05	2.18536E-05	2.59425E-05	3.07498E-05	3.63928E-05	4.30062E-05	5.07445E-05	5.97848E-05	7.03293E-05	8.26088E-05	9.68861E-05	0.00011346	0.000132669	0.000154897	0.000180578	0.0002102	0.000244315	0.000283542	0.000328574	0.00038019	0.000439257	0.000506745	0.00058373	0.000671411	0.000771115	0.000884309	0.001012617	0.001157824	0.001321896	0.00150699	0.001715467	0.001949908	0.00221313	0.002508198	0.002838441	0.003207468	0.003619188	0.004077824	0.004587937	0.005154453	0.005782698	0.006478458	0.007248051	0.008098469	0.009037569	0.010074405	0.011219716	0.012486685	0.013892063	0.015457815	0.017213445	0.019199234	0.021470569	0.024103611	0.027202407	0.030907512	0.035405947	0.040942065	0.047828543	0.05645627	0.067301449	0.08092783	0.097981646	0.119176789	0.145268015	0.177010673	0.215106625	0.260137677	0.312489835	0.372273834	0.439249361	0.512761879	0.591701511	0.674492893	0.759122926	0.84321013	0.924114997	0.999085819	1.065429682	1.120694268	1.162843563	1.19041	1.202607212	1.199391309	1.181464014	1.150217293	1.10762553	1.056096814	0.998298863	0.936976985	0.87478115	0.814116865	0.757030669	0.705136273	0.659582466	0.621059511	0.589837353	0.565826915	0.548654985	0.537743708	0.532387057	0.531818614	0.535267125	0.541998308	0.551343091	0.562713683	0.575609632	0.589616334	0.604398421	0.619690159	0.635284605	0.651022756	0.666783555	0.682475203	0.698027954	0.713388387	0.728515004	0.743374962	0.757941714	0.772193361	0.786111523	0.799680591	0.812887243	0.82572013	0.838169682	0.850227982	0.861888677	0.873146921	0.883999319	0.89444388	0.904479966	0.91410824	0.92333061	0.932150163	0.940571107	0.948598693	0.956239148	0.963499599	0.970387994	0.976913024	0.983084046	0.988911002	0.994404342	0.999574946	1.00443405	1.00899317	1.013264038	1.017258527	1.020988592	1.024466209	1.027703315	1.030711763	1.033503264	1.036089353	1.038481342	1.040690286	1.042726956	1.044601805	1.046324952	1.047906158	1.049354811	1.050679917	1.051890089	1.05299354	1.053998085	1.054911138	1.055739715	1.056490437	1.05716954	1.057782882	1.058335951	1.058833879	1.059281451	1.059683122	1.060043027	1.060364997	1.060652572	1.06090902	1.061137347	1.061340314	1.06152045	1.061680071	1.061821288	1.061946025	1.062056031	1.06215289	1.062238039	1.062312774	1.062378266	1.062435566	1.062485619	1.062529273	1.062567285	1.062600331	1.062629016	1.062653874	1.062675383	1.062693964	1.06270999	1.06272379	1.062735655	1.06274584	1.062754569	1.062762038	1.062768419	1.062773862	1.062778497	1.062782438	1.062785783	1.062788619	1.062791018	1.062793045	1.062794755	1.062796196	1.062797407	1.062798423	1.062799275	1.062799988	1.062800584	1.062801081	1.062801495	1.06280184	1.062802125	1.062802362	1.062802558	1.06280272	1.062802854	1.062802964	1.062803055	1.062803129	1.06280319	1.06280324	1.06280328	1.062803314	1.062803341	1.062803363	1.062803381	1.062803395	1.062803407	1.062803416	1.062803424	1.06280343	1.062803435	1.062803439	1.062803442	1.062803445	1.062803447	1.062803449	1.06280345	1.062803451	1.062803452	1.062803452	1.062803453	1.062803453	1.062803454	1.062803454	1.062803454	1.062803454	1.062803454	1.062803454	1.062803455	1.062803455	1.062803455	1.062803455	1.062803455	1.062803455	1.062803455	1.062803455	1.062803455	1.062803455	1.062803455	end
0.12	0.0033	58	169		3.22042E-11	5.03128E-11	7.82496E-11	1.2115E-10	1.86725E-10	2.86498E-10	4.37604E-10	6.65398E-10	1.00722E-09	1.51778E-09	2.27688E-09	3.40028E-09	5.05516E-09	7.48176E-09	1.10235E-08	1.61691E-08	2.36104E-08	3.4322E-08	4.96702E-08	7.15604E-08	1.02637E-07	1.46553E-07	2.08327E-07	2.94818E-07	4.15361E-07	5.82586E-07	8.13503E-07	1.1309E-06	1.56516E-06	2.15658E-06	2.9583E-06	4.04011E-06	5.49313E-06	7.43576E-06	1.0021E-05	1.34456E-05	1.7961E-05	2.38876E-05	3.16302E-05	4.16988E-05	5.47319E-05	7.15245E-05	9.30615E-05	0.000120556	0.000155494	0.000199687	0.000255328	0.00032506	0.000412048	0.000520065	0.000653574	0.000817833	0.001018991	0.001264203	0.00156174	0.001921104	0.002353142	0.002870158	0.003486016	0.004216232	0.005078052	0.006090509	0.007274451	0.008652545	0.010249239	0.012090686	0.014204618	0.016620174	0.019367676	0.022478341	0.025983951	0.029916454	0.034307524	0.039188077	0.044587743	0.050534334	0.057053299	0.064167228	0.071895424	0.080253615	0.089253902	0.098905041	0.109213227	0.120183579	0.131822555	0.144141584	0.157162177	0.170922762	0.185487356	0.200955987	0.217476438	0.235256432	0.254574796	0.275789565	0.29934036	0.325742055	0.355566674	0.389410977	0.427848375	0.471365612	0.5202872	0.574693333	0.634339842	0.698590849	0.766375791	0.83618178	0.906089633	0.973857357	1.037048949	1.093199725	1.140003259	1.175500429	1.198249008	1.207453308	1.203037645	1.185654159	1.156623958	1.117819036	1.071499792	1.02012787	0.966175957	0.911954834	0.859473953	0.81034594	0.765738797	0.726373395	0.692558875	0.664255447	0.641152918	0.622753876	0.608452358	0.59760151	0.58956658	0.583762179	0.579674772	0.57687268	0.575006549	0.573803315	0.573056402	0.572614348	0.572369447	0.572247413	0.572198587	0.572190858	0.572204205	0.572226672	0.572251504	0.572275175	0.572296085	0.572313725	0.57232816	0.572339721	0.572348835	0.572355935	0.572361412	0.572365606	0.572368794	0.572371204	0.572373015	0.572374369	0.572375377	0.572376124	0.572376674	0.572377077	0.572377372	0.572377586	0.572377741	0.572377852	0.572377932	0.572377989	0.57237803	0.572378058	0.572378078	0.572378093	0.572378102	0.572378109	0.572378114	0.572378117	0.572378119	0.572378121	0.572378122	0.572378123	0.572378123	0.572378123	0.572378124	0.572378124	0.572378124	0.572378124	0.572378124	0.572378124	0.572378124	0.572378124	0.572378124	0.572378124	0.572378124	0.572378124	0.572378124	0.572378124	0.572378124	0.572378124	0.572378124	0.572378124	0.572378124	0.572378124	0.572378124	0.572378124	0.572378124	0.572378124	0.572378124	0.572378124	0.572378124	0.572378124	0.572378124	0.572378124	0.572378124	0.572378124	0.572378124	0.572378124	0.572378124	0.572378124	0.572378124	0.572378124	0.572378124	0.572378124	0.572378124	0.572378124	0.572378124	0.572378124	0.572378124	0.572378124	0.572378124	0.572378124	0.572378124	0.572378124	0.572378124	0.572378124	0.572378124	0.572378124	0.572378124	0.572378124	0.572378124	0.572378124	0.572378124	0.572378124	0.572378124	0.572378124	0.572378124	0.572378124	0.572378124	0.572378124	0.572378124	0.572378124	0.572378124	0.572378124	0.572378124	0.572378124	0.572378124	0.572378124	0.572378124	0.572378124	0.572378124	0.572378124	0.572378124	0.572378124	0.572378124	0.572378124	0.572378124	0.572378124	0.572378124	0.572378124	0.572378124	0.572378124	0.572378124	0.572378124	0.572378124	0.572378124	0.572378124	0.572378124	0.572378124	0.572378124	0.572378124	0.572378124	0.572378124	0.572378124	0.572378124	0.572378124	0.572378124	0.572378124	0.572378124	0.572378124	0.572378124	0.572378124	0.572378124	0.572378124	0.572378124	0.572378124	0.572378124	0.572378124	0.572378124	0.572378124	end
0.13	0.0033	58	169		4.02384E-08	5.29747E-08	6.95653E-08	9.11198E-08	1.1905E-07	1.55147E-07	2.01677E-07	2.61498E-07	3.38204E-07	4.36305E-07	5.61438E-07	7.20634E-07	9.22635E-07	1.17828E-06	1.50097E-06	1.90721E-06	2.4173E-06	3.05611E-06	3.85402E-06	4.84806E-06	6.08317E-06	7.61382E-06	9.50573E-06	1.18381E-05	1.47058E-05	1.82226E-05	2.2524E-05	2.77715E-05	3.41561E-05	4.19041E-05	5.12818E-05	6.26024E-05	7.62327E-05	9.26007E-05	0.000112205	0.000135624	0.000163526	0.000196683	0.000235981	0.000282435	0.000337206	0.000401611	0.000477148	0.000565508	0.000668598	0.000788559	0.000927783	0.001088944	0.001275006	0.001489256	0.001735318	0.002017173	0.002339183	0.002706105	0.003123108	0.003595784	0.004130162	0.004732715	0.00541036	0.006170458	0.007020807	0.007969631	0.009025559	0.010197604	0.011495124	0.012927791	0.014505536	0.016238501	0.018136974	0.020211323	0.022471923	0.02492908	0.027592965	0.030473544	0.033580542	0.036923445	0.040511568	0.044354236	0.048461144	0.052842975	0.057512401	0.062485613	0.067784573	0.073440189	0.079496653	0.086017113	0.093090822	0.100841716	0.109438175	0.119103362	0.130125131	0.142864034	0.157757448	0.175317508	0.196120314	0.22078408	0.24993446	0.284156433	0.323933763	0.369579099	0.421160021	0.478428456	0.540762421	0.60712969	0.676082241	0.745788211	0.814104486	0.878688352	0.937141486	0.987174611	1.02677731	1.054375456	1.068959015	1.070165611	1.058310116	1.034356753	0.999837033	0.956723135	0.907271187	0.853851706	0.798784711	0.744195136	0.691900305	0.643336365	0.599525352	0.561079899	0.52823894	0.500925567	0.478817468	0.461420951	0.448141065	0.438342479	0.431397963	0.42672342	0.423800062	0.42218544	0.42151568	0.421501439	0.42191992	0.422604922	0.423436412	0.42433066	0.425231521	0.426103152	0.426924184	0.427683253	0.428375673	0.429001053	0.429561635	0.430061164	0.430504158	0.430895428	0.431239791	0.431541902	0.431806155	0.432036637	0.432237111	0.432411013	0.432561463	0.432691279	0.432802995	0.432898883	0.432980969	0.433051056	0.43311074	0.433161433	0.433204375	0.433240658	0.433271233	0.43329693	0.433318472	0.433336482	0.433351501	0.433363992	0.433374354	0.433382927	0.433390001	0.433395823	0.433400602	0.433404515	0.43340771	0.433410312	0.433412426	0.433414139	0.433415522	0.433416638	0.433417534	0.433418253	0.433418827	0.433419286	0.43341965	0.433419939	0.433420168	0.433420349	0.433420491	0.433420603	0.43342069	0.433420758	0.433420811	0.433420853	0.433420885	0.433420909	0.433420928	0.433420943	0.433420954	0.433420963	0.433420969	0.433420974	0.433420978	0.433420981	0.433420983	0.433420985	0.433420986	0.433420987	0.433420988	0.433420988	0.433420989	0.433420989	0.433420989	0.433420989	0.433420989	0.433420989	0.433420989	0.433420989	0.433420989	0.43342099	0.43342099	0.43342099	0.43342099	0.43342099	0.43342099	0.43342099	0.43342099	0.43342099	0.43342099	0.43342099	0.43342099	0.43342099	0.43342099	0.43342099	0.43342099	0.43342099	0.43342099	0.43342099	0.43342099	0.43342099	0.43342099	0.43342099	0.43342099	0.43342099	0.43342099	0.43342099	0.43342099	0.43342099	0.43342099	0.43342099	0.43342099	0.43342099	0.43342099	0.43342099	0.43342099	0.43342099	0.43342099	0.43342099	0.43342099	0.43342099	0.43342099	0.43342099	0.43342099	0.43342099	0.43342099	0.43342099	0.43342099	0.43342099	0.43342099	0.43342099	0.43342099	0.43342099	0.43342099	0.43342099	0.43342099	0.43342099	0.43342099	0.43342099	0.43342099	0.43342099	0.43342099	0.43342099	0.43342099	0.43342099	0.43342099	0.43342099	0.43342099	0.43342099	0.43342099	0.43342099	0.43342099	0.43342099	0.43342099	0.43342099	end
0.14	0.0033	78	189		1.10771E-09	1.49011E-09	1.99975E-09	2.67731E-09	3.57593E-09	4.76482E-09	6.33389E-09	8.39967E-09	1.11128E-08	1.46673E-08	1.93129E-08	2.53697E-08	3.3247E-08	4.3467E-08	5.66941E-08	7.37714E-08	9.57657E-08	1.24024E-07	1.60241E-07	2.06545E-07	2.65601E-07	3.40737E-07	4.361E-07	5.56837E-07	7.09327E-07	9.01453E-07	1.14292E-06	1.44567E-06	1.82433E-06	2.29676E-06	2.88476E-06	3.6148E-06	4.519E-06	5.63616E-06	7.01308E-06	8.70601E-06	1.07824E-05	1.33229E-05	1.64236E-05	2.01989E-05	2.47842E-05	3.03399E-05	3.70547E-05	4.51509E-05	5.48887E-05	6.65724E-05	8.05565E-05	9.72533E-05	0.00011714	0.000140769	0.000168776	0.000201889	0.000240947	0.000286901	0.00034084	0.000403995	0.00047776	0.000563709	0.000663608	0.00077944	0.000913416	0.001068002	0.001245932	0.001450232	0.001684238	0.001951614	0.002256374	0.002602897	0.002995944	0.003440675	0.003942657	0.004507877	0.005142749	0.005854116	0.00664925	0.007535845	0.00852201	0.009616249	0.010827445	0.012164826	0.013637934	0.015256585	0.017030818	0.018970843	0.021086976	0.023389574	0.025888961	0.028595347	0.031518748	0.034668909	0.038055224	0.04168668	0.045571819	0.049718747	0.054135223	0.058828854	0.063807473	0.069079774	0.074656302	0.080550956	0.086783146	0.093380791	0.100384334	0.107851913	0.115865755	0.12453971	0.134027627	0.144532	0.156311933	0.169689107	0.185050051	0.202842762	0.223565618	0.247746761	0.275912708	0.30854592	0.346032516	0.388602968	0.436270456	0.488773189	0.545528137	0.605603978	0.667720297	0.730278211	0.791424534	0.84914778	0.901400119	0.946235461	0.981950869	1.007216982	1.021183418	1.023547422	1.0145779	0.995092075	0.966387465	0.930136973	0.888258808	0.842775223	0.795674412	0.7487884	0.703696769	0.661662183	0.623599448	0.590076032	0.561338921	0.537360766	0.517897538	0.502550216	0.490824204	0.482181768	0.476084619	0.472025469	0.469548779	0.468261956	0.467838804	0.468017292	0.468593595	0.469414098	0.470366716	0.471372443	0.472377745	0.473348079	0.474262632	0.475110202	0.475886104	0.476589908	0.477223837	0.477791671	0.478298008	0.478747793	0.479146013	0.479497519	0.479806924	0.480078545	0.480316383	0.480524113	0.480705097	0.480862389	0.480998754	0.481116687	0.48121843	0.481305991	0.481381163	0.481445542	0.481500542	0.481547416	0.481587265	0.481621061	0.481649653	0.481673783	0.481694098	0.48171116	0.481725453	0.481737399	0.481747358	0.481755641	0.481762513	0.4817682	0.481772895	0.481776762	0.481779939	0.481782543	0.481784672	0.481786408	0.48178782	0.481788966	0.481789895	0.481790644	0.481791248	0.481791733	0.481792123	0.481792434	0.481792682	0.48179288	0.481793037	0.481793161	0.481793259	0.481793336	0.481793397	0.481793445	0.481793482	0.481793511	0.481793534	0.481793552	0.481793565	0.481793576	0.481793584	0.48179359	0.481793595	0.481793599	0.481793602	0.481793604	0.481793605	0.481793607	0.481793607	0.481793608	0.481793609	0.481793609	0.481793609	0.48179361	0.48179361	0.48179361	0.48179361	0.48179361	0.48179361	0.48179361	0.48179361	0.48179361	0.48179361	0.48179361	0.48179361	0.48179361	0.48179361	0.48179361	0.48179361	0.48179361	0.48179361	0.48179361	0.48179361	0.48179361	0.48179361	0.48179361	0.48179361	0.48179361	0.48179361	0.48179361	0.48179361	0.48179361	0.48179361	0.48179361	0.48179361	0.48179361	0.48179361	0.48179361	0.48179361	0.48179361	0.48179361	0.48179361	0.48179361	0.48179361	0.48179361	0.48179361	0.48179361	0.48179361	0.48179361	0.48179361	0.48179361	0.48179361	0.48179361	0.48179361	0.48179361	0.48179361	0.48179361	0.48179361	0.48179361	0.48179361	0.48179361	0.48179361	0.48179361	0.48179361	end
