0	1	122	123
1	1	1	1.00E-18	1
0	0.0033	56	196		2.57711E-06	3.18257E-06	3.92281E-06	4.82606E-06	5.92603E-06	7.26293E-06	8.88458E-06	1.08477E-05	1.32197E-05	1.60798E-05	1.95218E-05	2.36559E-05	2.86115E-05	3.454E-05	4.16185E-05	5.00534E-05	6.00848E-05	7.19912E-05	8.60953E-05	0.00010277	0.000122444	0.000145612	0.00017284	0.000204778	0.000242164	0.000285843	0.000336773	0.00039604	0.000464873	0.000544659	0.000636958	0.000743521	0.00086631	0.001007516	0.001169583	0.001355223	0.001567446	0.001809581	0.002085297	0.002398634	0.00275402	0.003156304	0.003610776	0.004123192	0.004699801	0.005347364	0.006073176	0.006885088	0.007791521	0.008801482	0.009924574	0.011171005	0.012551591	0.014077753	0.015761512	0.017615476	0.019652822	0.02188727	0.024333053	0.027004876	0.029917869	0.033087534	0.036529682	0.040260358	0.044295769	0.048652193	0.053345884	0.058392973	0.063809358	0.06961059	0.075811752	0.082427331	0.089471096	0.09695596	0.10489385	0.113295572	0.122170682	0.131527357	0.141372291	0.151710658	0.162546301	0.173882611	0.185725239	0.198088924	0.211011998	0.224581691	0.238967945	0.254450057	0.271402063	0.29019462	0.310996865	0.333531937	0.356922631	0.379784459	0.400621275	0.418384985	0.432912114	0.444983529	0.455971356	0.467281882	0.479893973	0.494182941	0.510022123	0.527019442	0.544737288	0.562818386	0.581019239	0.599190731	0.617244126	0.635122984	0.652786079	0.670198983	0.687330608	0.704152038	0.720636248	0.736758111	0.752494472	0.767824238	0.782728443	0.797190305	0.811195258	0.824730974	0.837787358	0.85035653	0.862432792	0.874012576	0.885094381	0.895678694	0.905767897	0.915366172	0.924479387	0.933114979	0.941281832	0.948990146	0.95625131	0.963077763	0.969482866	0.975480765	0.981086265	0.986314698	0.991181806	0.995703617	0.999896338	1.003776247	1.007359598	1.010662526	1.013700969	1.016490589	1.019046709	1.021384251	1.023517687	1.025460997	1.027227631	1.028830482	1.030281864	1.031593498	1.0327765	1.033841379	1.034798039	1.035655781	1.036423315	1.037108774	1.037719725	1.038263193	1.038745678	1.039173177	1.03955121	1.03988484	1.040178702	1.040437025	1.040663659	1.040862099	1.04103551	1.041186749	1.041318391	1.04143275	1.041531897	1.041617688	1.041691774	1.041755627	1.041810551	1.041857702	1.041898099	1.041932642	1.041962122	1.041987229	1.042008572	1.042026678	1.042042008	1.042054962	1.042065887	1.042075082	1.042082806	1.042089281	1.042094699	1.042099224	1.042102994	1.042106131	1.042108734	1.042110891	1.042112675	1.042114146	1.042115358	1.042116355	1.042117172	1.042117841	1.042118388	1.042118834	1.042119197	1.042119491	1.04211973	1.042119924	1.04212008	1.042120206	1.042120307	1.042120388	1.042120453	1.042120505	1.042120547	1.04212058	1.042120606	1.042120627	1.042120643	1.042120656	1.042120667	1.042120675	1.042120681	1.042120686	1.04212069	1.042120693	1.042120695	1.042120697	1.042120699	1.0421207	1.042120701	1.042120701	1.042120702	1.042120702	1.042120703	1.042120703	1.042120703	1.042120703	1.042120703	1.042120703	1.042120703	1.042120703	1.042120703	1.042120703	1.042120703	1.042120703	1.042120703	1.042120703	1.042120703	1.042120703	1.042120703	1.042120703	1.042120703	1.042120703	1.042120703	1.042120703	1.042120703	1.042120703	1.042120703	1.042120703	1.042120703	1.042120703	1.042120703	1.042120703	1.042120703	1.042120703	1.042120703	1.042120703	1.042120703	1.042120703	1.042120703	1.042120703	1.042120703	1.042120703	1.042120703	1.042120703	1.042120703	1.042120703	1.042120703	1.042120703	1.042120703	1.042120703	1.042120703	1.042120703	1.042120703	1.042120703	1.042120703	1.042120703	1.042120703	1.042120703	1.042120703	1.042120703	1.042120703	1.042120703	1.042120703	1.042120703	end
0.02	0.0033	56	196		1.65136E-07	2.11699E-07	2.70808E-07	3.45677E-07	4.40298E-07	5.59615E-07	7.09742E-07	8.98213E-07	1.1343E-06	1.42937E-06	1.79735E-06	2.25523E-06	2.82371E-06	3.52794E-06	4.3984E-06	5.47193E-06	6.79299E-06	8.41503E-06	1.04022E-05	1.28313E-05	1.5794E-05	1.93996E-05	2.37777E-05	2.9082E-05	3.54944E-05	4.32291E-05	5.25379E-05	6.37165E-05	7.71105E-05	9.31235E-05	0.000112225	0.00013496	0.00016196	0.000193954	0.000231781	0.000276405	0.000328932	0.000390622	0.000462915	0.000547445	0.000646062	0.00076086	0.000894198	0.001048725	0.001227411	0.001433575	0.001670914	0.001943537	0.002255993	0.002613308	0.003021016	0.00348519	0.00401248	0.004610136	0.005286047	0.006048762	0.006907519	0.007872266	0.008953679	0.010163175	0.011512924	0.013015846	0.014685609	0.016536618	0.018583991	0.020843536	0.023331704	0.026065547	0.029062657	0.032341094	0.035919305	0.039816035	0.044050218	0.048640868	0.05360695	0.058967248	0.064740238	0.07094398	0.07759613	0.084714308	0.092317388	0.100428911	0.10908459	0.118346264	0.128323198	0.139196358	0.151231578	0.164757152	0.180080297	0.197337697	0.216320122	0.236359707	0.25638026	0.275153829	0.291693737	0.305613448	0.317270757	0.327620641	0.337855027	0.349010513	0.361713985	0.376134555	0.392097632	0.409260503	0.427261286	0.445801795	0.464669512	0.483724283	0.502874118	0.522054074	0.541212486	0.560303628	0.579284444	0.598113371	0.616750086	0.635155591	0.653292408	0.671124796	0.688618952	0.705743203	0.72246817	0.73876691	0.754615035	0.769990804	0.784875188	0.799251914	0.813107478	0.826431137	0.839214877	0.851453354	0.863143824	0.874286041	0.884882149	0.894936551	0.904455766	0.913448281	0.921924385	0.929896003	0.937376523	0.94438062	0.950924082	0.957023638	0.962696782	0.967961614	0.972836679	0.977340813	0.981493004	0.985312256	0.988817471	0.992027329	0.994960195	0.997634024	1.000066285	1.002273893	1.004273149	1.006079701	1.007708499	1.009173774	1.010489018	1.011666973	1.012719627	1.013658222	1.014493258	1.015234514	1.015891061	1.016471288	1.01698293	1.017433093	1.017828284	1.018174446	1.01847699	1.018740824	1.018970392	1.019169699	1.019342351	1.019491581	1.019620279	1.019731025	1.019826111	1.01990757	1.019977201	1.020036588	1.020087127	1.02013004	1.020166397	1.020197131	1.020223054	1.020244871	1.020263192	1.020278542	1.020291374	1.020302079	1.020310988	1.020318387	1.020324518	1.020329586	1.020333768	1.020337209	1.020340036	1.020342352	1.020344246	1.020345791	1.020347049	1.02034807	1.020348898	1.020349568	1.020350108	1.020350542	1.020350892	1.020351172	1.020351395	1.020351574	1.020351716	1.020351829	1.020351919	1.020351989	1.020352045	1.020352089	1.020352124	1.020352151	1.020352172	1.020352189	1.020352201	1.020352211	1.020352219	1.020352225	1.02035223	1.020352233	1.020352236	1.020352238	1.02035224	1.020352241	1.020352242	1.020352243	1.020352243	1.020352244	1.020352244	1.020352244	1.020352244	1.020352244	1.020352245	1.020352245	1.020352245	1.020352245	1.020352245	1.020352245	1.020352245	1.020352245	1.020352245	1.020352245	1.020352245	1.020352245	1.020352245	1.020352245	1.020352245	1.020352245	1.020352245	1.020352245	1.020352245	1.020352245	1.020352245	1.020352245	1.020352245	1.020352245	1.020352245	1.020352245	1.020352245	1.020352245	1.020352245	1.020352245	1.020352245	1.020352245	1.020352245	1.020352245	1.020352245	1.020352245	1.020352245	1.020352245	1.020352245	1.020352245	1.020352245	1.020352245	1.020352245	1.020352245	1.020352245	1.020352245	1.020352245	1.020352245	1.020352245	1.020352245	1.020352245	1.020352245	1.020352245	1.020352245	1.020352245	1.020352245	1.020352245	1.020352245	1.020352245	1.020352245	end
0.03	0.0033	56	196		9.79885E-08	1.25476E-07	1.60343E-07	2.04477E-07	2.60225E-07	3.30491E-07	4.18868E-07	5.2979E-07	6.68711E-07	8.42331E-07	1.05886E-06	1.32832E-06	1.66294E-06	2.0776E-06	2.59036E-06	3.22308E-06	4.00216E-06	4.95942E-06	6.13313E-06	7.56916E-06	9.32243E-06	1.14585E-05	1.40553E-05	1.72057E-05	2.10194E-05	2.56265E-05	3.11801E-05	3.78604E-05	4.5879E-05	5.54837E-05	6.69636E-05	8.06558E-05	9.6952E-05	0.000116306	0.000139244	0.00016637	0.000198382	0.00023608	0.000280379	0.000332324	0.000393107	0.000464079	0.000546774	0.000642923	0.000754477	0.000883631	0.001032844	0.001204865	0.001402759	0.001629936	0.001890175	0.002187655	0.002526984	0.002913227	0.003351939	0.003849189	0.004411592	0.005046336	0.005761205	0.006564605	0.007465585	0.008473851	0.009599787	0.010854456	0.01224961	0.013797688	0.015511806	0.017405747	0.019493935	0.021791407	0.024313774	0.027077175	0.030098223	0.033393936	0.036981678	0.040879102	0.045104137	0.049675094	0.054611057	0.059932872	0.065665297	0.071841191	0.078508852	0.085743576	0.09366368	0.102449144	0.112357565	0.123727773	0.136958231	0.152448113	0.170496839	0.191173559	0.214188147	0.238811149	0.263891241	0.287997819	0.309675898	0.327754419	0.341618389	0.351357043	0.357737859	0.362015328	0.365638628	0.369950386	0.375960039	0.384238039	0.394930713	0.407859758	0.422656095	0.438884138	0.456130718	0.4740524	0.492388524	0.510952897	0.529616362	0.548288642	0.566903635	0.585409249	0.603761198	0.621919608	0.639847371	0.657509471	0.674872782	0.691906092	0.708580201	0.724868047	0.740744816	0.756188044	0.771177696	0.785696222	0.799728592	0.813262306	0.826287388	0.838796356	0.85078417	0.862248165	0.873187968	0.883605397	0.893504345	0.90289066	0.911772003	0.92015771	0.92805864	0.935487024	0.942456303	0.948980979	0.955076453	0.960758877	0.966044999	0.970952024	0.975497474	0.979699058	0.983574548	0.987141668	0.990417989	0.993420831	0.996167182	0.998673622	1.000956254	1.003030652	1.004911813	1.006614116	1.008151299	1.009536433	1.010781909	1.011899433	1.012900021	1.013794009	1.014591058	1.015300173	1.015929716	1.01648743	1.016980462	1.017415389	1.017798245	1.018134548	1.018429333	1.018687177	1.01891223	1.019108246	1.019278609	1.019426362	1.019554234	1.019664666	1.019759832	1.019841671	1.019911898	1.019972034	1.020023419	1.020067233	1.020104513	1.020136166	1.020162984	1.020185657	1.020204786	1.02022089	1.020234419	1.02024576	1.020255247	1.020263167	1.020269763	1.020275247	1.020279795	1.020283559	1.020286668	1.020289231	1.020291338	1.020293068	1.020294484	1.020295642	1.020296585	1.020297354	1.020297977	1.020298483	1.020298891	1.020299221	1.020299486	1.0202997	1.020299871	1.020300008	1.020300117	1.020300204	1.020300273	1.020300328	1.020300371	1.020300406	1.020300433	1.020300454	1.020300471	1.020300484	1.020300494	1.020300502	1.020300508	1.020300513	1.020300517	1.020300519	1.020300522	1.020300523	1.020300525	1.020300526	1.020300526	1.020300527	1.020300528	1.020300528	1.020300528	1.020300528	1.020300528	1.020300529	1.020300529	1.020300529	1.020300529	1.020300529	1.020300529	1.020300529	1.020300529	1.020300529	1.020300529	1.020300529	1.020300529	1.020300529	1.020300529	1.020300529	1.020300529	1.020300529	1.020300529	1.020300529	1.020300529	1.020300529	1.020300529	1.020300529	1.020300529	1.020300529	1.020300529	1.020300529	1.020300529	1.020300529	1.020300529	1.020300529	1.020300529	1.020300529	1.020300529	1.020300529	1.020300529	1.020300529	1.020300529	1.020300529	1.020300529	1.020300529	1.020300529	1.020300529	1.020300529	1.020300529	1.020300529	1.020300529	1.020300529	1.020300529	1.020300529	1.020300529	1.020300529	1.020300529	end
0.04	0.0033	56	196		1.67196E-08	2.18457E-08	2.84816E-08	3.70529E-08	4.80994E-08	6.23042E-08	8.05296E-08	1.03862E-07	1.33664E-07	1.71648E-07	2.1995E-07	2.81237E-07	3.58826E-07	4.56835E-07	5.80363E-07	7.35707E-07	9.30627E-07	1.17466E-06	1.4795E-06	1.85946E-06	2.33198E-06	2.9183E-06	3.64423E-06	4.541E-06	5.64633E-06	7.00572E-06	8.67383E-06	1.07162E-05	1.32113E-05	1.62525E-05	1.99514E-05	2.44399E-05	2.98746E-05	3.64403E-05	4.43546E-05	5.38735E-05	6.52965E-05	7.89742E-05	9.53152E-05	0.000114794	0.000137963	0.000165458	0.000198016	0.000236481	0.000281826	0.000335161	0.000397754	0.00047105	0.000556688	0.000656522	0.000772646	0.000907418	0.001063485	0.001243809	0.001451696	0.001690826	0.001965281	0.00227958	0.002638708	0.00304815	0.003513921	0.004042611	0.004641414	0.005318184	0.006081492	0.006940714	0.00790616	0.008989277	0.010202957	0.011562033	0.013084012	0.014790185	0.016707227	0.018869417	0.021321653	0.024123317	0.027353041	0.031114223	0.035540952	0.040803706	0.047113861	0.05472572	0.063934509	0.075068681	0.088475057	0.104495808	0.123437223	0.145531454	0.17089396	0.19948092	0.231052188	0.26514603	0.30107171	0.337924703	0.374626938	0.409991294	0.442805902	0.471930422	0.496393825	0.515482085	0.52880472	0.53633149	0.538394354	0.53565442	0.52903829	0.519652159	0.508684519	0.497309125	0.486598879	0.477458823	0.470583082	0.466436939	0.465261961	0.467099596	0.471827287	0.479200812	0.488897169	0.500553586	0.51379974	0.528281828	0.543678443	0.559709139	0.576137131	0.592767782	0.609444444	0.626042973	0.642465933	0.65863713	0.674496872	0.689998099	0.70510337	0.719782634	0.734011617	0.747770719	0.761044252	0.77381994	0.786088571	0.797843762	0.809081776	0.819801366	0.830003641	0.839691927	0.848871624	0.857550057	0.865736329	0.873441154	0.880676701	0.887456421	0.893794886	0.89970762	0.905210936	0.910321778	0.915057567	0.919436056	0.923475186	0.927192965	0.930607339	0.933736086	0.936596717	0.939206384	0.941581803	0.943739186	0.945694183	0.947461836	0.949056538	0.950492009	0.95178127	0.952936635	0.953969705	0.954891368	0.955711806	0.956440512	0.9570863	0.957657331	0.958161135	0.958604637	0.958994185	0.95933558	0.95963411	0.959894575	0.960121322	0.960318277	0.960488973	0.960636582	0.960763943	0.960873587	0.960967769	0.961048491	0.96111752	0.96117642	0.961226565	0.961269162	0.961305265	0.961335797	0.96136156	0.961383251	0.961401471	0.961416744	0.961429516	0.961440174	0.961449048	0.96145642	0.96146253	0.961467583	0.961471753	0.961475187	0.961478008	0.96148032	0.961482211	0.961483754	0.961485011	0.961486031	0.961486859	0.961487528	0.961488068	0.961488503	0.961488853	0.961489133	0.961489357	0.961489536	0.961489678	0.961489791	0.961489881	0.961489952	0.961490008	0.961490052	0.961490086	0.961490114	0.961490135	0.961490151	0.961490164	0.961490174	0.961490182	0.961490188	0.961490193	0.961490196	0.961490199	0.961490201	0.961490203	0.961490204	0.961490205	0.961490206	0.961490206	0.961490207	0.961490207	0.961490207	0.961490207	0.961490207	0.961490208	0.961490208	0.961490208	0.961490208	0.961490208	0.961490208	0.961490208	0.961490208	0.961490208	0.961490208	0.961490208	0.961490208	0.961490208	0.961490208	0.961490208	0.961490208	0.961490208	0.961490208	0.961490208	0.961490208	0.961490208	0.961490208	0.961490208	0.961490208	0.961490208	0.961490208	0.961490208	0.961490208	0.961490208	0.961490208	0.961490208	0.961490208	0.961490208	0.961490208	0.961490208	0.961490208	0.961490208	0.961490208	0.961490208	0.961490208	0.961490208	0.961490208	0.961490208	0.961490208	0.961490208	0.961490208	0.961490208	0.961490208	0.961490208	0.961490208	0.961490208	0.961490208	end
0.05	0.0033	56	196		3.09747E-06	3.73099E-06	4.48737E-06	5.38903E-06	6.46223E-06	7.73759E-06	9.25086E-06	1.10436E-05	1.31642E-05	1.56687E-05	1.86219E-05	2.20989E-05	2.61861E-05	3.09834E-05	3.66052E-05	4.3183E-05	5.08675E-05	5.98309E-05	7.02698E-05	8.24083E-05	9.65011E-05	0.000112837	0.000131745	0.000153595	0.000178805	0.000207848	0.000241254	0.000279618	0.00032361	0.000373974	0.000431545	0.000497253	0.00057213	0.000657324	0.000754106	0.000863881	0.0009882	0.001128772	0.001287473	0.001466365	0.001667703	0.001893952	0.002147798	0.002432166	0.002750231	0.003105433	0.003501494	0.003942426	0.004432551	0.004976511	0.005579283	0.006246188	0.006982903	0.007795472	0.008690313	0.009674228	0.010754401	0.01193841	0.013234221	0.01465019	0.016195061	0.017877957	0.019708377	0.021696188	0.023851622	0.026185283	0.028708165	0.031431703	0.034367874	0.037529379	0.040929952	0.044584868	0.048511732	0.052731667	0.057271043	0.062163898	0.067455213	0.073205165	0.079494413	0.086430331	0.094153916	0.102846803	0.112737498	0.124105587	0.137282333	0.152645885	0.170609305	0.191599937	0.216029308	0.24425386	0.27652824	0.312954513	0.353432301	0.397616132	0.444886919	0.494344183	0.544824212	0.594946821	0.643189997	0.687987845	0.727843575	0.761446365	0.787779378	0.806206472	0.81652715	0.818992997	0.814283549	0.803444623	0.787796669	0.768824138	0.748058517	0.72696759	0.706861585	0.688823839	0.673669752	0.661934083	0.653883317	0.649547569	0.648765243	0.651233608	0.656559194	0.664303324	0.674019731	0.685282834	0.69770663	0.710955158	0.724746117	0.738849437	0.75308256	0.76730396	0.781406077	0.795308479	0.808951771	0.82229247	0.835298908	0.847948082	0.860223324	0.872112633	0.883607504	0.894702132	0.905392878	0.915677912	0.925556967	0.93503117	0.944102916	0.952775768	0.961054368	0.968944353	0.976452285	0.983585566	0.990352366	0.996761545	1.002822576	1.008545471	1.013940701	1.01901913	1.023791937	1.028270548	1.032466572	1.036391734	1.040057818	1.043476607	1.046659831	1.049619119	1.052365953	1.054911626	1.057267206	1.059443503	1.06145104	1.063300029	1.065000345	1.066561516	1.067992703	1.06930269	1.07049988	1.071592286	1.072587532	1.07349285	1.074315089	1.075060711	1.075735807	1.076346098	1.076896949	1.077393376	1.077840061	1.078241366	1.07860134	1.078923738	1.079212035	1.079469437	1.079698899	1.079903135	1.080084636	1.080245683	1.080388358	1.080514562	1.080626022	1.080724308	1.080810843	1.080886913	1.08095368	1.081012191	1.081063387	1.081108112	1.081147125	1.081181101	1.081210646	1.081236297	1.081258533	1.081277778	1.081294409	1.081308759	1.081321121	1.081331754	1.081340886	1.081348717	1.081355421	1.081361152	1.081366043	1.081370211	1.081373758	1.081376771	1.081379326	1.08138149	1.08138332	1.081384865	1.081386167	1.081387263	1.081388185	1.081388957	1.081389605	1.081390146	1.081390598	1.081390976	1.081391289	1.08139155	1.081391767	1.081391946	1.081392095	1.081392218	1.081392319	1.081392402	1.081392471	1.081392527	1.081392573	1.081392611	1.081392641	1.081392667	1.081392687	1.081392704	1.081392717	1.081392728	1.081392737	1.081392744	1.08139275	1.081392755	1.081392759	1.081392762	1.081392764	1.081392766	1.081392768	1.081392769	1.08139277	1.081392771	1.081392771	1.081392772	1.081392772	1.081392772	1.081392773	1.081392773	1.081392773	1.081392773	1.081392773	1.081392773	1.081392773	1.081392773	1.081392773	1.081392773	1.081392773	1.081392773	1.081392773	1.081392773	1.081392773	1.081392773	1.081392773	1.081392773	1.081392773	1.081392773	1.081392773	1.081392773	1.081392773	1.081392773	1.081392773	1.081392773	1.081392773	1.081392773	1.081392773	1.081392773	1.081392773	1.081392773	end
0.06	0.0033	56	196		1.83862E-10	2.55047E-10	3.52885E-10	4.87001E-10	6.70365E-10	9.20403E-10	1.26046E-09	1.72174E-09	2.34581E-09	3.18789E-09	4.32117E-09	5.84235E-09	7.87884E-09	1.0598E-08	1.42192E-08	1.90291E-08	2.54009E-08	3.38198E-08	4.49143E-08	5.94962E-08	7.86116E-08	1.03604E-07	1.36194E-07	1.78581E-07	2.33565E-07	3.04702E-07	3.96495E-07	5.14631E-07	6.66273E-07	8.60411E-07	1.1083E-06	1.424E-06	1.82499E-06	2.33299E-06	2.97487E-06	3.78376E-06	4.80045E-06	6.07498E-06	7.66854E-06	9.65575E-06	1.21273E-05	1.51933E-05	1.89867E-05	2.36676E-05	2.94287E-05	3.65005E-05	4.51585E-05	5.57308E-05	6.86069E-05	8.4248E-05	0.000103198	0.000126099	0.000153704	0.000186894	0.000226705	0.000274342	0.00033122	0.000398994	0.000479608	0.000575363	0.000689	0.000823824	0.000983875	0.00117417	0.001401054	0.001672681	0.001999692	0.002396145	0.002880758	0.003478555	0.004222975	0.00515852	0.006343962	0.007856113	0.009794053	0.012283645	0.015482028	0.019581622	0.024813063	0.031446304	0.039789058	0.050181698	0.062987806	0.078579734	0.097318925	0.119531145	0.145477472	0.175322491	0.209101905	0.246692335	0.287786526	0.331877291	0.3782533	0.426009146	0.474071098	0.521238541	0.566239532	0.607797294	0.644703041	0.675889471	0.700498803	0.717939322	0.727925307	0.730496578	0.726015801	0.715143813	0.698795256	0.678078651	0.654226302	0.62852015	0.602219657	0.576497198	0.552385271	0.530738362	0.512210687	0.49724945	0.486101974	0.478834073	0.475356471	0.475455926	0.478827932	0.485108312	0.493901669	0.504805375	0.517428409	0.531404985	0.546403324	0.562130242	0.578332395	0.594795032	0.611339094	0.627817357	0.64411019	0.660121332	0.675773978	0.691007324	0.705773638	0.720035857	0.733765666	0.746941995	0.759549856	0.77157945	0.783025481	0.793886609	0.804165016	0.813866034	0.822997825	0.831571083	0.839598761	0.847095797	0.854078861	0.8605661	0.86657689	0.872131598	0.877251352	0.881957821	0.886273008	0.890219056	0.89381807	0.897091952	0.900062255	0.902750055	0.905175835	0.907359391	0.909319751	0.911075107	0.912642772	0.914039139	0.91527966	0.916378837	0.917350216	0.918206403	0.918959077	0.919619015	0.920196125	0.920699476	0.921137344	0.921517248	0.921845994	0.922129726	0.922373964	0.922583654	0.922763209	0.922916557	0.92304718	0.923158152	0.923252182	0.923331649	0.92339863	0.92345494	0.923502154	0.923541638	0.923574571	0.923601967	0.923624698	0.923643508	0.923659033	0.923671813	0.923682306	0.923690898	0.923697915	0.923703631	0.923708275	0.923712038	0.923715079	0.923717531	0.923719501	0.923721082	0.923722345	0.923723353	0.923724155	0.923724791	0.923725295	0.923725692	0.923726005	0.923726251	0.923726443	0.923726593	0.92372671	0.923726801	0.923726872	0.923726926	0.923726968	0.923727	0.923727025	0.923727044	0.923727059	0.92372707	0.923727078	0.923727084	0.923727089	0.923727092	0.923727095	0.923727097	0.923727099	0.9237271	0.923727101	0.923727101	0.923727102	0.923727102	0.923727102	0.923727102	0.923727103	0.923727103	0.923727103	0.923727103	0.923727103	0.923727103	0.923727103	0.923727103	0.923727103	0.923727103	0.923727103	0.923727103	0.923727103	0.923727103	0.923727103	0.923727103	0.923727103	0.923727103	0.923727103	0.923727103	0.923727103	0.923727103	0.923727103	0.923727103	0.923727103	0.923727103	0.923727103	0.923727103	0.923727103	0.923727103	0.923727103	0.923727103	0.923727103	0.923727103	0.923727103	0.923727103	0.923727103	0.923727103	0.923727103	0.923727103	0.923727103	0.923727103	0.923727103	0.923727103	0.923727103	0.923727103	0.923727103	0.923727103	0.923727103	0.923727103	0.923727103	0.923727103	0.923727103	0.923727103	0.923727103	0.923727103	0.923727103	0.923727103	end
0.07	0.0033	56	196		2.94972E-08	3.75955E-08	4.78291E-08	6.07366E-08	7.69856E-08	9.74026E-08	1.23008E-07	1.5506E-07	1.95105E-07	2.45043E-07	3.07198E-07	3.84414E-07	4.80158E-07	5.98652E-07	7.45023E-07	9.25488E-07	1.14757E-06	1.42034E-06	1.75475E-06	2.16393E-06	2.66367E-06	3.27284E-06	4.01402E-06	4.9141E-06	6.00507E-06	7.32491E-06	8.91863E-06	1.08394E-05	1.315E-05	1.59242E-05	1.92487E-05	2.32253E-05	2.79728E-05	3.36298E-05	4.03579E-05	4.83448E-05	5.78081E-05	6.89993E-05	8.2209E-05	9.77716E-05	0.000116072	0.00013755	0.000162711	0.00019213	0.000226462	0.000266453	0.000312947	0.000366899	0.000429386	0.000501623	0.000584972	0.000680961	0.000791297	0.000917885	0.001062843	0.001228525	0.001417534	0.001632747	0.001877337	0.002154791	0.002468937	0.002823971	0.003224484	0.003675502	0.004182536	0.004751647	0.005389547	0.006103753	0.00690282	0.007796697	0.008797268	0.009919162	0.011180925	0.012606705	0.014228582	0.016089712	0.018248449	0.020783536	0.023800404	0.027438458	0.031879023	0.037353338	0.044149688	0.052618377	0.06317296	0.076285922	0.092476945	0.112292171	0.136273393	0.164917097	0.198624533	0.237645534	0.282020453	0.331525993	0.385631748	0.443474521	0.503856865	0.565274558	0.625975049	0.684045527	0.737525471	0.784535041	0.823407865	0.852815273	0.871869096	0.880191966	0.877947323	0.865825771	0.844989316	0.816979672	0.783600637	0.746786927	0.708472588	0.670471168	0.634377497	0.601497584	0.572809413	0.548953833	0.530251722	0.516741528	0.508230238	0.504350758	0.504619466	0.508488994	0.515392903	0.524780489	0.536141372	0.549020591	0.563025643	0.577827264	0.59315579	0.608794803	0.624573453	0.640358527	0.656046973	0.67155931	0.686834112	0.701823588	0.716490161	0.730803926	0.744740798	0.758281216	0.771409246	0.784111974	0.796379107	0.808202696	0.819576945	0.830498077	0.840964217	0.850975295	0.860532951	0.869640441	0.878302537	0.886525424	0.894316599	0.901684754	0.908639669	0.915192095	0.921353641	0.92713666	0.932554132	0.93761956	0.942346856	0.946750241	0.950844148	0.954643122	0.95816174	0.961414524	0.964415866	0.967179961	0.969720746	0.97205184	0.974186503	0.976137587	0.977917505	0.979538199	0.98101112	0.982347209	0.983556883	0.98465003	0.985636005	0.986523633	0.98732121	0.988036517	0.988676825	0.989248913	0.989759082	0.990213172	0.990616583	0.990974293	0.991290879	0.991570538	0.99181711	0.992034098	0.99222469	0.992391781	0.99253799	0.992665686	0.992777001	0.992873854	0.992957963	0.993030867	0.99309394	0.993148404	0.993195344	0.993235724	0.993270395	0.993300107	0.993325522	0.99334722	0.99336571	0.993381435	0.993394785	0.993406096	0.993415662	0.993423736	0.993430539	0.993436259	0.99344106	0.993445082	0.993448445	0.993451252	0.99345359	0.993455533	0.993457146	0.993458482	0.993459587	0.993460498	0.993461248	0.993461865	0.993462371	0.993462786	0.993463125	0.993463401	0.993463626	0.993463809	0.993463957	0.993464077	0.993464175	0.993464253	0.993464316	0.993464366	0.993464407	0.99346444	0.993464466	0.993464486	0.993464503	0.993464516	0.993464526	0.993464534	0.993464541	0.993464546	0.99346455	0.993464553	0.993464556	0.993464558	0.993464559	0.99346456	0.993464561	0.993464562	0.993464563	0.993464563	0.993464563	0.993464564	0.993464564	0.993464564	0.993464564	0.993464564	0.993464564	0.993464564	0.993464564	0.993464564	0.993464564	0.993464564	0.993464564	0.993464564	0.993464564	0.993464564	0.993464564	0.993464564	0.993464564	0.993464564	0.993464564	0.993464564	0.993464564	0.993464564	0.993464564	0.993464564	0.993464564	0.993464564	0.993464564	0.993464564	0.993464564	0.993464564	0.993464564	0.993464564	0.993464564	0.993464564	0.993464564	0.993464564	end
0.08	0.0033	56	196		2.80397E-07	3.4447E-07	4.22536E-07	5.17501E-07	6.3284E-07	7.72703E-07	9.42036E-07	1.14672E-06	1.39375E-06	1.69142E-06	2.04953E-06	2.47967E-06	2.99552E-06	3.61317E-06	4.35156E-06	5.23287E-06	6.2831E-06	7.53267E-06	9.01704E-06	1.07776E-05	1.28623E-05	1.5327E-05	1.82363E-05	2.16652E-05	2.56998E-05	3.04396E-05	3.59993E-05	4.25102E-05	5.01231E-05	5.90103E-05	6.93687E-05	8.14229E-05	9.54281E-05	0.000111674	0.000130491	0.000152249	0.000177369	0.000206325	0.00023965	0.000277942	0.000321872	0.000372189	0.000429732	0.000495435	0.000570335	0.000655585	0.000752461	0.000862375	0.000986884	0.001127704	0.001286717	0.001465992	0.001667789	0.001894579	0.002149054	0.002434142	0.00275302	0.003109129	0.003506187	0.003948203	0.004439493	0.004984692	0.005588767	0.006257042	0.006995212	0.007809375	0.008706079	0.009692388	0.010775994	0.011965396	0.013270179	0.01470146	0.016272563	0.01800003	0.0199051	0.022015812	0.024369897	0.027018667	0.030032039	0.0335048	0.037564098	0.042377935	0.048164196	0.055199395	0.06382593	0.074456288	0.087572245	0.103716997	0.123478191	0.147460227	0.176245058	0.210341894	0.25012788	0.295783563	0.347228817	0.404066324	0.465540557	0.530520102	0.597509857	0.66469728	0.730033312	0.79134458	0.846469181	0.893404707	0.93045457	0.956357794	0.97038844	0.972413706	0.962904189	0.942895133	0.913903043	0.877806928	0.836707043	0.792775764	0.748115154	0.704633789	0.663952181	0.627341975	0.595699944	0.569553946	0.549095173	0.534229229	0.524638031	0.519844958	0.519276953	0.52231896	0.528357914	0.536815236	0.547168151	0.558961165	0.571809599	0.585397279	0.599470394	0.613829258	0.628319343	0.642822539	0.657249268	0.67153175	0.685618515	0.699470111	0.713055854	0.726351459	0.739337351	0.751997501	0.764318641	0.776289749	0.787901713	0.799147113	0.81002008	0.8205162	0.830632437	0.840367078	0.849719677	0.858690998	0.867282962	0.875498585	0.883341918	0.890817981	0.897932693	0.904692805	0.911105826	0.917179947	0.922923974	0.928347248	0.933459579	0.938271166	0.942792535	0.947034466	0.951007933	0.954724034	0.958193941	0.961428835	0.964439862	0.967238078	0.969834408	0.972239607	0.974464217	0.976518542	0.978412615	0.980156172	0.981758634	0.983229088	0.984576274	0.985808572	0.986933995	0.987960186	0.988894414	0.989743574	0.990514191	0.991212422	0.991844067	0.992414569	0.992929034	0.99339223	0.993808607	0.994182305	0.994517167	0.994816755	0.995084361	0.99532302	0.995535526	0.995724447	0.995892133	0.996040736	0.99617222	0.996288372	0.996390818	0.996481033	0.99656035	0.996629976	0.996690998	0.996744394	0.996791045	0.996831737	0.996867175	0.996897989	0.99692474	0.996947927	0.996967992	0.996985329	0.997000285	0.997013167	0.997024244	0.997033754	0.997041907	0.997048884	0.997054846	0.997059933	0.997064265	0.99706795	0.997071079	0.997073731	0.997075976	0.997077873	0.997079474	0.997080822	0.997081957	0.997082909	0.997083707	0.997084376	0.997084935	0.997085401	0.997085789	0.997086112	0.99708638	0.997086603	0.997086787	0.997086939	0.997087065	0.997087168	0.997087253	0.997087323	0.997087381	0.997087427	0.997087466	0.997087497	0.997087523	0.997087543	0.99708756	0.997087574	0.997087585	0.997087594	0.997087601	0.997087607	0.997087612	0.997087616	0.997087619	0.997087621	0.997087623	0.997087624	0.997087626	0.997087627	0.997087627	0.997087628	0.997087629	0.997087629	0.997087629	0.997087629	0.99708763	0.99708763	0.99708763	0.99708763	0.99708763	0.99708763	0.99708763	0.99708763	0.99708763	0.99708763	0.99708763	0.99708763	0.99708763	0.99708763	0.99708763	0.99708763	0.99708763	0.99708763	0.99708763	0.99708763	0.99708763	0.99708763	end
0.09	0.0033	56	196		2.69427E-07	3.30609E-07	4.05069E-07	4.95548E-07	6.05321E-07	7.38291E-07	8.99111E-07	1.09331E-06	1.32744E-06	1.60928E-06	1.94802E-06	2.3545E-06	2.84152E-06	3.42411E-06	4.11993E-06	4.94971E-06	5.93766E-06	7.11211E-06	8.50606E-06	1.0158E-05	1.21125E-05	1.44214E-05	1.71448E-05	2.0352E-05	2.4123E-05	2.855E-05	3.3739E-05	3.98116E-05	4.69071E-05	5.51849E-05	6.48269E-05	7.60402E-05	8.90606E-05	0.000104156	0.000121628	0.000141822	0.000165123	0.000191967	0.000222847	0.000258311	0.000298978	0.000345537	0.000398758	0.0004595	0.000528717	0.000607467	0.000696924	0.000798385	0.000913279	0.001043181	0.001189823	0.001355101	0.001541093	0.001750068	0.001984497	0.002247069	0.002540703	0.00286856	0.003234057	0.003640882	0.004093003	0.004594691	0.00515053	0.005765442	0.006444718	0.007194056	0.008019627	0.008928172	0.009927159	0.011025025	0.012231543	0.013558384	0.015019942	0.016634533	0.018426085	0.020426463	0.022678585	0.025240469	0.028190315	0.03163267	0.035705566	0.040588374	0.046509864	0.053755663	0.06267401	0.073678394	0.08724543	0.103906231	0.124229644	0.148796114	0.178161634	0.212812268	0.253111029	0.299240342	0.351144762	0.408479781	0.470573281	0.536406166	0.60461783	0.673540345	0.741262623	0.805722659	0.864822511	0.916557593	0.959149371	0.991169338	1.011642218	1.020117997	1.016705344	1.002062909	0.977349415	0.944137757	0.904301893	0.859887795	0.812980703	0.765580483	0.719495091	0.676259376	0.637083144	0.602829047	0.574017889	0.550856611	0.53328285	0.52101941	0.513632337	0.510587167	0.511299264	0.515175624	0.521646911	0.530189692	0.540339743	0.551697865	0.563929902	0.576762699	0.589977546	0.603402413	0.61690395	0.630379927	0.643752518	0.656962628	0.669965277	0.682725988	0.695218042	0.707420463	0.719316557	0.7308929	0.742138642	0.753045031	0.763605105	0.773813478	0.7836662	0.793160653	0.802295473	0.811070485	0.819486646	0.82754598	0.835251529	0.842607285	0.84961813	0.856289775	0.862628689	0.868642038	0.874337609	0.87972375	0.884809295	0.889603504	0.894115989	0.898356654	0.902335635	0.906063233	0.909549863	0.912805995	0.915842106	0.918668631	0.921295918	0.923734187	0.925993494	0.928083696	0.930014422	0.931795048	0.933434673	0.934942096	0.936325808	0.937593973	0.938754419	0.939814634	0.940781758	0.941662584	0.942463556	0.943190773	0.943849993	0.944446638	0.944985802	0.945472261	0.945910479	0.946304622	0.946658568	0.946975918	0.947260012	0.947513936	0.947740538	0.947942442	0.948122057	0.948281595	0.948423078	0.948548352	0.948659101	0.948756855	0.948843005	0.948918808	0.948985404	0.949043818	0.949094977	0.94913971	0.949178764	0.949212806	0.949242433	0.949268177	0.949290512	0.94930986	0.949326593	0.949341042	0.9493535	0.949364223	0.94937344	0.949381349	0.949388125	0.949393922	0.949398872	0.949403094	0.949406689	0.949409745	0.949412338	0.949414536	0.949416396	0.949417967	0.949419292	0.949420408	0.949421346	0.949422134	0.949422794	0.949423346	0.949423808	0.949424193	0.949424514	0.949424781	0.949425002	0.949425186	0.949425338	0.949425463	0.949425567	0.949425653	0.949425723	0.949425781	0.949425828	0.949425867	0.949425898	0.949425924	0.949425945	0.949425962	0.949425976	0.949425987	0.949425997	0.949426004	0.94942601	0.949426015	0.949426019	0.949426022	0.949426024	0.949426026	0.949426028	0.949426029	0.94942603	0.949426031	0.949426032	0.949426032	0.949426032	0.949426033	0.949426033	0.949426033	0.949426033	0.949426034	0.949426034	0.949426034	0.949426034	0.949426034	0.949426034	0.949426034	0.949426034	0.949426034	0.949426034	0.949426034	0.949426034	0.949426034	0.949426034	0.949426034	0.949426034	0.949426034	0.949426034	0.949426034	end
0.1	0.0033	56	196		3.21747E-08	4.05133E-08	5.09274E-08	6.39112E-08	8.00708E-08	1.00148E-07	1.25051E-07	1.55884E-07	1.93994E-07	2.41018E-07	2.9894E-07	3.70162E-07	4.57589E-07	5.6472E-07	6.9577E-07	8.55803E-07	1.05089E-06	1.2883E-06	1.57672E-06	1.9265E-06	2.34996E-06	2.86174E-06	3.47918E-06	4.22283E-06	5.11692E-06	6.19003E-06	7.4758E-06	9.0137E-06	1.085E-05	1.30388E-05	1.56432E-05	1.87369E-05	2.24054E-05	2.67481E-05	3.18797E-05	3.79334E-05	4.50624E-05	5.34433E-05	6.32787E-05	7.48013E-05	8.82772E-05	0.00010401	0.000122347	0.000143681	0.000168459	0.000197189	0.000230442	0.000268864	0.000313183	0.000364214	0.000422873	0.000490183	0.000567288	0.00065546	0.000756113	0.000870816	0.001001305	0.001149495	0.001317497	0.001507634	0.001722451	0.001964738	0.002237543	0.002544196	0.002888332	0.003273919	0.003705306	0.004187276	0.00472514	0.005324873	0.005993329	0.006738567	0.007570341	0.008500849	0.009545801	0.010725976	0.012069369	0.013614124	0.015412401	0.017535315	0.02007904	0.02317203	0.026983165	0.031730383	0.037689061	0.045199076	0.05466913	0.066576641	0.081461304	0.099910482	0.122534878	0.149933593	0.182648681	0.221110642	0.26557786	0.316074603	0.372333582	0.433750072	0.4993548	0.567812138	0.637448439	0.706312711	0.772268455	0.833111743	0.886707091	0.931129741	0.964801301	0.986605455	0.995971955	0.992920063	0.978056832	0.952530391	0.917943209	0.876234421	0.829543173	0.780066312	0.729923409	0.681040305	0.635059399	0.593281316	0.556638874	0.525700923	0.50070107	0.481584667	0.468066823	0.459694532	0.455906962	0.456089429	0.459618162	0.465894526	0.474368665	0.48455354	0.49603092	0.508451196	0.521528891	0.535035555	0.548791425	0.56265691	0.576524588	0.590312155	0.603956497	0.617408912	0.630631393	0.643593834	0.656271987	0.66864601	0.680699461	0.692418624	0.703792051	0.714810271	0.725465595	0.735751981	0.745664946	0.755201488	0.764360025	0.773140334	0.781543491	0.789571801	0.797228739	0.804518872	0.811447783	0.818021998	0.824248903	0.83013666	0.835694127	0.840930773	0.845856598	0.850482049	0.854817942	0.858875384	0.862665701	0.866200364	0.869490925	0.872548951	0.875385967	0.878013401	0.880442533	0.882684451	0.884750011	0.8866498	0.888394104	0.889992882	0.891455745	0.892791937	0.894010317	0.895119355	0.89612712	0.897041279	0.897869094	0.898617427	0.899292739	0.899901105	0.900448213	0.900939384	0.901379574	0.901773393	0.902125119	0.902438707	0.90271781	0.902965792	0.903185742	0.903380491	0.903552631	0.903704522	0.903838315	0.903955962	0.904059235	0.904149732	0.904228897	0.904298029	0.904358296	0.904410744	0.904456308	0.904495823	0.904530034	0.904559601	0.90458511	0.904607081	0.904625971	0.904642185	0.904656077	0.904667959	0.904678106	0.904686754	0.904694113	0.904700364	0.904705665	0.904710153	0.904713945	0.904717144	0.904719838	0.904722103	0.904724003	0.904725596	0.904726927	0.904728039	0.904728966	0.904729737	0.904730378	0.904730909	0.904731348	0.904731711	0.904732011	0.904732257	0.90473246	0.904732626	0.904732763	0.904732874	0.904732965	0.904733039	0.9047331	0.904733149	0.904733188	0.904733221	0.904733246	0.904733267	0.904733284	0.904733298	0.904733309	0.904733317	0.904733324	0.90473333	0.904733334	0.904733338	0.904733341	0.904733343	0.904733345	0.904733346	0.904733347	0.904733348	0.904733349	0.904733349	0.90473335	0.90473335	0.90473335	0.90473335	0.904733351	0.904733351	0.904733351	0.904733351	0.904733351	0.904733351	0.904733351	0.904733351	0.904733351	0.904733351	0.904733351	0.904733351	0.904733351	0.904733351	0.904733351	0.904733351	0.904733351	0.904733351	0.904733351	0.904733351	0.904733351	0.904733351	0.904733351	0.904733351	end
0.11	0.0033	56	196		1.11141E-07	1.37365E-07	1.69517E-07	2.08873E-07	2.56972E-07	3.15663E-07	3.87165E-07	4.74137E-07	5.79757E-07	7.07823E-07	8.62858E-07	1.05024E-06	1.27637E-06	1.54882E-06	1.87656E-06	2.27019E-06	2.7422E-06	3.30731E-06	3.9828E-06	4.78897E-06	5.74956E-06	6.89235E-06	8.24975E-06	9.85949E-06	1.17655E-05	1.40187E-05	1.6678E-05	1.98119E-05	2.34991E-05	2.78303E-05	3.29102E-05	3.88585E-05	4.58128E-05	5.39303E-05	6.33907E-05	7.43985E-05	8.71867E-05	0.00010202	0.000119197	0.000139058	0.000161985	0.000188411	0.00021882	0.000253757	0.000293834	0.000339733	0.000392218	0.000452137	0.000520437	0.000598166	0.000686486	0.00078668	0.000900166	0.001028503	0.001173404	0.00133675	0.001520596	0.001727187	0.001958971	0.002218608	0.002508987	0.002833235	0.003194735	0.00359714	0.004044387	0.004540723	0.005090735	0.005699388	0.006372098	0.00711483	0.007934275	0.00883811	0.009835419	0.010937335	0.012158013	0.013516051	0.015036536	0.016753897	0.018715772	0.020988077	0.02366144	0.026859024	0.030745625	0.03553764	0.041513193	0.049021256	0.058488217	0.070419889	0.085396692	0.104059682	0.127085343	0.155147775	0.188868038	0.228752045	0.275120289	0.328034771	0.387230325	0.452058857	0.52145546	0.593934578	0.667622361	0.740328013	0.809652685	0.873129718	0.928385567	0.973307123	1.006199159	1.025915594	1.031950434	1.024478305	1.004340053	0.972975008	0.932307476	0.884599862	0.832287963	0.777814977	0.723479712	0.671311541	0.622980535	0.579746472	0.542445862	0.511512333	0.487022985	0.468761988	0.456292556	0.449029377	0.446305215	0.447427378	0.45172181	0.458564282	0.467399592	0.477750548	0.48921901	0.501481306	0.514280183	0.527415066	0.540731967	0.554113978	0.567472871	0.580742063	0.593870976	0.60682067	0.619560596	0.632066239	0.64431747	0.656297418	0.667991728	0.679388072	0.690475848	0.701245987	0.711690837	0.721804082	0.731580694	0.741016887	0.750110082	0.758858869	0.767262962	0.775323161	0.7830413	0.790420197	0.797463594	0.804176102	0.810563141	0.81663087	0.822386128	0.827836365	0.832989576	0.837854236	0.842439231	0.8467538	0.850807465	0.854609974	0.858171241	0.861501293	0.86461021	0.867508084	0.870204965	0.87271082	0.875035495	0.877188675	0.879179854	0.881018307	0.882713061	0.884272874	0.885706218	0.887021263	0.888225862	0.889327545	0.890333508	0.891250615	0.892085391	0.892844024	0.893532368	0.894155947	0.894719959	0.895229289	0.895688508	0.896101892	0.896473427	0.89680682	0.897105514	0.897372696	0.897611313	0.897824081	0.898013501	0.898181866	0.898331281	0.898463669	0.898580785	0.898684225	0.898775443	0.898855755	0.898926353	0.898988314	0.899042609	0.89909011	0.899131602	0.899167788	0.899199296	0.899226688	0.899250464	0.899271068	0.899288895	0.899304295	0.899317578	0.899329016	0.89933885	0.899347292	0.899354527	0.899360717	0.899366007	0.899370518	0.89937436	0.899377627	0.8993804	0.899382751	0.89938474	0.899386421	0.899387839	0.899389033	0.899390037	0.899390881	0.899391587	0.899392179	0.899392673	0.899393085	0.899393429	0.899393714	0.899393952	0.899394148	0.899394311	0.899394445	0.899394556	0.899394648	0.899394723	0.899394785	0.899394835	0.899394877	0.89939491	0.899394938	0.899394961	0.899394979	0.899394994	0.899395006	0.899395016	0.899395024	0.89939503	0.899395035	0.899395039	0.899395042	0.899395045	0.899395047	0.899395049	0.89939505	0.899395051	0.899395052	0.899395053	0.899395053	0.899395054	0.899395054	0.899395054	0.899395055	0.899395055	0.899395055	0.899395055	0.899395055	0.899395055	0.899395055	0.899395055	0.899395055	0.899395055	0.899395055	0.899395055	0.899395055	0.899395055	0.899395055	0.899395055	0.899395055	0.899395055	0.899395055	end
0.12	0.0033	56	196		1.53727E-07	1.8954E-07	2.33336E-07	2.86812E-07	3.52001E-07	4.31344E-07	5.27759E-07	6.44735E-07	7.8643E-07	9.57796E-07	1.16472E-06	1.41417E-06	1.71442E-06	2.07524E-06	2.50816E-06	3.02677E-06	3.64702E-06	4.38767E-06	5.27069E-06	6.32176E-06	7.57088E-06	9.05301E-06	1.08088E-05	1.28856E-05	1.5338E-05	1.82294E-05	2.1633E-05	2.56332E-05	3.03271E-05	3.58261E-05	4.22583E-05	4.97699E-05	5.85283E-05	6.8724E-05	8.05742E-05	9.43253E-05	0.000110257	0.000128686	0.000149969	0.000174511	0.000202763	0.000235237	0.000272503	0.000315201	0.000364044	0.000419829	0.000483441	0.000555862	0.000638182	0.000731605	0.00083746	0.000957212	0.001092467	0.001244993	0.00141672	0.001609759	0.001826409	0.002069173	0.002340767	0.002644132	0.002982447	0.003359144	0.003777915	0.004242733	0.004757863	0.005327887	0.005957734	0.006652723	0.007418641	0.008261853	0.009189499	0.010209789	0.011332484	0.012569623	0.013936623	0.015453898	0.017149166	0.019060655	0.021241437	0.023765074	0.026732726	0.030281727	0.034595443	0.039913906	0.046544371	0.054870455	0.065358077	0.078555991	0.095088449	0.115637542	0.140913158	0.171609375	0.208347456	0.251607458	0.301652586	0.358452576	0.421614269	0.490328691	0.563344074	0.638973012	0.715139321	0.789466283	0.859403124	0.922381564	0.975989671	1.018146892	1.047262682	1.062361897	1.063163157	1.050101391	1.024291986	0.987440622	0.941708865	0.88955019	0.833533663	0.776172712	0.719774481	0.66632157	0.617393191	0.574127716	0.537223972	0.506974969	0.483325477	0.465943909	0.454299408	0.447736337	0.445540377	0.446992602	0.451409978	0.45817246	0.466738137	0.476648586	0.487526947	0.49907112	0.511044216	0.523263941	0.535592129	0.547925204	0.560185985	0.57231697	0.584275048	0.596027494	0.607549021	0.618819679	0.629823407	0.640547048	0.650979706	0.661112327	0.670937437	0.680448973	0.689642172	0.698513493	0.707060566	0.71528214	0.723178035	0.730749101	0.737997163	0.744924979	0.751536177	0.757835204	0.763827266	0.769518266	0.774914743	0.780023811	0.784853092	0.789410656	0.793704957	0.797744775	0.801539153	0.805097341	0.80842874	0.81154285	0.814449219	0.817157395	0.819676886	0.822017113	0.824187379	0.826196828	0.828054422	0.829768909	0.831348799	0.832802346	0.834137529	0.835362039	0.836483264	0.837508286	0.83844387	0.839296464	0.840072195	0.84077687	0.841415982	0.84199471	0.842517926	0.842990203	0.843415824	0.843798788	0.844142823	0.844451396	0.844727721	0.844974776	0.845195311	0.845391859	0.845566751	0.845722127	0.845859944	0.845981992	0.846089905	0.846185168	0.846269129	0.846343013	0.846407925	0.846464865	0.846514731	0.846558334	0.8465964	0.846629578	0.846658451	0.846683538	0.846705299	0.846724147	0.846740445	0.846754515	0.846766643	0.846777081	0.846786049	0.846793743	0.846800333	0.846805968	0.846810779	0.84681488	0.84681837	0.846821336	0.846823852	0.846825984	0.846827786	0.846829308	0.846830591	0.84683167	0.846832578	0.846833339	0.846833977	0.84683451	0.846834955	0.846835326	0.846835635	0.846835892	0.846836105	0.846836282	0.846836428	0.846836548	0.846836647	0.846836729	0.846836796	0.846836852	0.846836897	0.846836934	0.846836964	0.846836988	0.846837008	0.846837025	0.846837038	0.846837049	0.846837057	0.846837064	0.84683707	0.846837074	0.846837078	0.846837081	0.846837083	0.846837085	0.846837087	0.846837088	0.846837089	0.84683709	0.84683709	0.846837091	0.846837091	0.846837091	0.846837092	0.846837092	0.846837092	0.846837092	0.846837092	0.846837092	0.846837092	0.846837092	0.846837092	0.846837092	0.846837092	0.846837092	0.846837092	0.846837092	0.846837092	0.846837092	0.846837092	0.846837092	0.846837093	0.846837093	0.846837093	0.846837093	end
0.13	0.0033	56	196		2.96532E-07	3.63892E-07	4.45866E-07	5.45465E-07	6.66286E-07	8.12618E-07	9.89565E-07	1.20319E-06	1.46069E-06	1.77058E-06	2.14291E-06	2.58957E-06	3.12454E-06	3.76426E-06	4.52801E-06	5.43839E-06	6.52183E-06	7.80916E-06	9.33634E-06	1.11451E-05	1.32841E-05	1.58095E-05	1.87862E-05	2.22896E-05	2.6406E-05	3.12352E-05	3.68915E-05	4.3506E-05	5.12286E-05	6.02308E-05	7.07078E-05	8.28817E-05	9.70049E-05	0.000113363	0.000132281	0.000154123	0.000179301	0.000208279	0.000241576	0.000279777	0.000323532	0.000373571	0.000430704	0.000495832	0.000569958	0.000654189	0.00074975	0.000857992	0.000980404	0.00111862	0.001274431	0.001449797	0.001646859	0.001867948	0.002115598	0.002392559	0.002701806	0.003046555	0.003430269	0.003856677	0.004329777	0.00485386	0.005433514	0.006073649	0.006779521	0.007556767	0.008411469	0.009350237	0.010380367	0.011510065	0.012748816	0.014107936	0.015601399	0.017247052	0.019068341	0.021096708	0.02337484	0.025960921	0.028934034	0.032400782	0.036503045	0.041426651	0.047410426	0.054754809	0.063828864	0.075074135	0.089003557	0.106193427	0.127266564	0.152865119	0.183612242	0.220062931	0.262645758	0.311598878	0.366905299	0.428233865	0.494893282	0.565806651	0.63951316	0.71420167	0.78777812	0.857965085	0.922427988	0.978918798	1.025425158	1.060311263	1.082436764	1.091241616	1.086788039	1.069755153	1.04138686	1.003398467	0.957851735	0.907010949	0.853193863	0.798630985	0.74534468	0.695056501	0.64912738	0.608531498	0.573861212	0.545357764	0.522960876	0.5063697	0.495107927	0.48858692	0.486162207	0.487180349	0.491014792	0.497090676	0.504899591	0.514005915	0.524046662	0.534726811	0.545811842	0.557118969	0.568508139	0.579873563	0.591136217	0.602237513	0.613134177	0.623794246	0.634194028	0.64431587	0.654146555	0.66367618	0.672897376	0.681804793	0.690394743	0.698664966	0.706614461	0.714243375	0.721552907	0.728545237	0.735223456	0.741591505	0.747654112	0.753416731	0.758885479	0.764067076	0.768968778	0.773598318	0.777963842	0.78207385	0.785937133	0.789562718	0.79295981	0.796137739	0.799105909	0.801873748	0.804450667	0.806846013	0.809069033	0.811128839	0.813034373	0.814794381	0.816417389	0.817911676	0.81928526	0.820545879	0.821700981	0.822757712	0.82372291	0.824603098	0.825404486	0.826132965	0.826794115	0.827393202	0.827935187	0.828424732	0.828866207	0.829263697	0.829621015	0.829941709	0.830229074	0.830486164	0.830715803	0.830920594	0.831102936	0.83126503	0.831408895	0.831536379	0.831649166	0.831748792	0.831836652	0.831914012	0.83198202	0.832041709	0.832094015	0.832139777	0.832179751	0.832214613	0.832244968	0.832271356	0.83229426	0.832314109	0.832331281	0.832346115	0.832358908	0.832369924	0.832379394	0.832387522	0.832394488	0.832400448	0.832405539	0.832409881	0.832413578	0.832416721	0.832419389	0.83242165	0.832423563	0.832425179	0.832426542	0.83242769	0.832428654	0.832429464	0.832430143	0.832430711	0.832431185	0.832431581	0.83243191	0.832432184	0.832432412	0.8324326	0.832432756	0.832432885	0.832432991	0.832433079	0.83243315	0.83243321	0.832433258	0.832433297	0.83243333	0.832433356	0.832433378	0.832433395	0.832433409	0.832433421	0.83243343	0.832433438	0.832433444	0.832433449	0.832433452	0.832433456	0.832433458	0.83243346	0.832433462	0.832433463	0.832433464	0.832433465	0.832433466	0.832433466	0.832433466	0.832433467	0.832433467	0.832433467	0.832433467	0.832433468	0.832433468	0.832433468	0.832433468	0.832433468	0.832433468	0.832433468	0.832433468	0.832433468	0.832433468	0.832433468	0.832433468	0.832433468	0.832433468	0.832433468	0.832433468	0.832433468	0.832433468	0.832433468	0.832433468	0.832433468	0.832433468	0.832433468	end
0.14	0.0033	56	196		4.805E-05	5.42402E-05	6.11766E-05	6.89422E-05	7.76285E-05	8.7336E-05	9.81753E-05	0.000110268	0.000123746	0.000138756	0.000155456	0.000174022	0.000194642	0.000217525	0.000242895	0.000270999	0.000302104	0.000336499	0.000374499	0.000416446	0.000462707	0.000513683	0.000569802	0.000631531	0.00069937	0.000773857	0.000855573	0.000945139	0.001043223	0.001150541	0.001267858	0.001395993	0.001535819	0.001688268	0.001854334	0.002035073	0.002231609	0.002445132	0.002676906	0.002928271	0.00320064	0.003495508	0.003814453	0.004159136	0.004531305	0.004932796	0.00536554	0.005831555	0.006332958	0.006871959	0.007450867	0.008072088	0.008738125	0.009451582	0.01021516	0.01103166	0.011903979	0.012835109	0.01382814	0.014886251	0.016012713	0.017210884	0.018484204	0.019836195	0.021270456	0.02279066	0.024400554	0.026103964	0.027904805	0.029807109	0.031815077	0.033933173	0.036166295	0.038520051	0.041001219	0.043618475	0.046383508	0.049312693	0.052429523	0.055768043	0.059377536	0.06332872	0.067721617	0.072695131	0.078438125	0.085201416	0.093309662	0.103171564	0.115286211	0.130242948	0.148711809	0.171421648	0.199123658	0.232539099	0.272291879	0.318828937	0.372333999	0.432642874	0.499170507	0.570861045	0.646171744	0.723099417	0.799254217	0.871980282	0.938516652	0.996185914	1.042593092	1.075814378	1.094555058	1.098258539	1.087153683	1.062234795	1.025176659	0.978194682	0.923866361	0.864934003	0.804109572	0.743900608	0.686471975	0.633552518	0.586389581	0.545748566	0.511950275	0.484935819	0.464347849	0.449617297	0.440046541	0.434882328	0.433374443	0.434818606	0.4385841	0.444128052	0.450999068	0.458833203	0.46734506	0.47631637	0.485583902	0.495027918	0.504561952	0.514124239	0.523670856	0.533170452	0.542600339	0.551943689	0.561187576	0.570321665	0.579337344	0.58822717	0.59698453	0.605603435	0.614078395	0.62240436	0.630576677	0.638591076	0.646443657	0.654130892	0.661649617	0.668997035	0.676170711	0.683168572	0.689988902	0.696630338	0.703091866	0.70937281	0.715472829	0.721391907	0.727130342	0.732688736	0.738067987	0.743269275	0.748294048	0.753144012	0.757821118	0.762327547	0.766665693	0.770838157	0.774847724	0.778697352	0.782390161	0.785929412	0.789318497	0.792560922	0.795660298	0.79862032	0.801444759	0.804137447	0.806702264	0.809143126	0.811463974	0.813668762	0.815761444	0.817745969	0.819626264	0.821406233	0.82308974	0.824680609	0.82618261	0.827599456	0.828934796	0.830192206	0.831375191	0.832487173	0.833531491	0.834511398	0.835430054	0.836290528	0.837095793	0.837848727	0.83855211	0.839208621	0.839820845	0.840391264	0.840922264	0.841416133	0.841875062	0.842301147	0.842696389	0.843062696	0.843401889	0.843715696	0.844005761	0.844273644	0.844520823	0.844748697	0.844958588	0.845151744	0.845329343	0.845492495	0.845642241	0.845779562	0.845905378	0.846020551	0.846125889	0.846222146	0.846310027	0.84639019	0.84646325	0.846529775	0.846590298	0.846645312	0.846695273	0.846740606	0.846781702	0.846818926	0.846852613	0.846883071	0.846910585	0.846935419	0.846957814	0.84697799	0.846996153	0.847012489	0.847027167	0.847040346	0.847052167	0.847062762	0.847072248	0.847080735	0.847088321	0.847095096	0.847101141	0.84710653	0.84711133	0.847115601	0.847119399	0.847122773	0.847125767	0.847128422	0.847130775	0.847132857	0.847134699	0.847136327	0.847137764	0.847139031	0.847140148	0.847141132	0.847141997	0.847142757	0.847143425	0.847144011	0.847144525	0.847144975	0.847145369	0.847145713	0.847146014	0.847146277	0.847146505	0.847146705	0.847146879	0.84714703	0.847147161	0.847147275	0.847147373	0.847147459	0.847147533	0.847147597	0.847147653	0.847147701	0.847147742	0.847147778	end
0.15	0.0033	56	196		9.28644E-07	1.12483E-06	1.36046E-06	1.64306E-06	1.98146E-06	2.38608E-06	2.86914E-06	3.44496E-06	4.13034E-06	4.94486E-06	5.9114E-06	7.0566E-06	8.41142E-06	1.00118E-05	1.18994E-05	1.41224E-05	1.67364E-05	1.98055E-05	2.34036E-05	2.76153E-05	3.2538E-05	3.82828E-05	4.49769E-05	5.27654E-05	6.18134E-05	7.23088E-05	8.44647E-05	9.85223E-05	0.000114755	0.00013347	0.000155015	0.00017978	0.000208203	0.000240776	0.000278047	0.000320629	0.000369207	0.000424539	0.000487471	0.000558936	0.000639969	0.000731712	0.000835424	0.000952488	0.001084422	0.001232892	0.001399715	0.001586877	0.00179654	0.002031053	0.002292963	0.00258503	0.00291023	0.003271776	0.00367312	0.004117969	0.004610291	0.005154328	0.005754602	0.006415925	0.007143405	0.007942455	0.008818797	0.009778476	0.010827873	0.011973722	0.013223155	0.014583765	0.016063721	0.017671963	0.019418522	0.021315027	0.023375507	0.025617594	0.028064307	0.030746603	0.033706926	0.037003967	0.040718852	0.04496285	0.049886552	0.055690215	0.062634599	0.071051191	0.081350222	0.094024359	0.109645641	0.128852991	0.15232792	0.180756671	0.214778267	0.254919728	0.301521827	0.354661136	0.414076259	0.479107723	0.548661516	0.621205454	0.694805192	0.767202854	0.835936342	0.898491975	0.952478011	0.995802693	1.026838448	1.044554302	1.048601425	1.039341875	1.017817153	0.985660254	0.944961474	0.898103196	0.847581682	0.795834215	0.745087786	0.697241565	0.653790263	0.61579008	0.583864053	0.558239852	0.538810779	0.525209958	0.516888317	0.513188539	0.513409353	0.516856884	0.522881896	0.530903546	0.540421398	0.551018168	0.562355802	0.574167343	0.586246676	0.598437712	0.610624108	0.622720167	0.634663207	0.646407461	0.657919372	0.669174102	0.680153015	0.690841922	0.701229878	0.711308392	0.721070904	0.73051245	0.73962945	0.748419558	0.756881571	0.76501535	0.772821761	0.78030262	0.78746064	0.794299376	0.800823173	0.807037107	0.812946931	0.818559014	0.823880287	0.828918174	0.833680545	0.838175648	0.842412057	0.846398611	0.850144365	0.853658533	0.85695044	0.860029472	0.862905033	0.865586502	0.868083192	0.870404314	0.872558948	0.874556004	0.876404204	0.878112053	0.879687818	0.881139512	0.88247488	0.883701381	0.884826185	0.885856162	0.886797878	0.887657592	0.888441256	0.889154514	0.88980271	0.890390886	0.890923791	0.891405888	0.89184136	0.892234121	0.892587823	0.892905868	0.893191417	0.893447403	0.893676539	0.893881329	0.894064085	0.894226928	0.89437181	0.894500517	0.89461468	0.89471579	0.894805203	0.894884154	0.89495376	0.895015036	0.895068895	0.895116164	0.895157587	0.895193832	0.895225497	0.89525312	0.89527718	0.895298105	0.895316276	0.895332031	0.895345672	0.895357463	0.89536764	0.895376411	0.895383959	0.895390444	0.895396008	0.895400774	0.89540485	0.895408332	0.8954113	0.895413828	0.895415977	0.895417801	0.895419347	0.895420655	0.895421761	0.895422694	0.895423479	0.89542414	0.895424696	0.895425161	0.895425551	0.895425877	0.895426149	0.895426376	0.895426565	0.895426722	0.895426852	0.89542696	0.895427049	0.895427123	0.895427184	0.895427234	0.895427275	0.895427309	0.895427336	0.895427359	0.895427378	0.895427393	0.895427405	0.895427415	0.895427423	0.89542743	0.895427435	0.89542744	0.895427443	0.895427446	0.895427448	0.89542745	0.895427451	0.895427453	0.895427453	0.895427454	0.895427455	0.895427455	0.895427456	0.895427456	0.895427456	0.895427456	0.895427457	0.895427457	0.895427457	0.895427457	0.895427457	0.895427457	0.895427457	0.895427457	0.895427457	0.895427457	0.895427457	0.895427457	0.895427457	0.895427457	0.895427457	0.895427457	0.895427457	0.895427457	0.895427457	0.895427457	0.895427457	0.895427457	end
