27	37	117	123
1	1	1	1.00E-18	1
0	0.0033	56	196		4.39976E-10	5.94577E-10	8.01687E-10	1.0785E-09	1.44762E-09	1.93869E-09	2.59049E-09	3.45362E-09	4.59397E-09	6.09708E-09	8.07378E-09	1.06673E-08	1.40621E-08	1.84957E-08	2.42725E-08	3.1782E-08	4.15212E-08	5.41232E-08	7.03916E-08	9.13447E-08	1.18269E-07	1.52786E-07	1.96936E-07	2.53274E-07	3.25001E-07	4.16108E-07	5.31564E-07	6.77539E-07	8.61672E-07	1.0934E-06	1.38436E-06	1.74883E-06	2.20435E-06	2.77233E-06	3.4789E-06	4.35585E-06	5.44174E-06	6.78326E-06	8.43674E-06	1.047E-05	1.29646E-05	1.60179E-05	1.97467E-05	2.42896E-05	2.98118E-05	3.65087E-05	4.46116E-05	5.43928E-05	6.61728E-05	8.03272E-05	9.72952E-05	0.000117589	0.000141805	0.000170634	0.000204874	0.000245449	0.000293419	0.00035	0.000416584	0.000494758	0.000586328	0.000693341	0.000818112	0.000963252	0.001131696	0.001326733	0.00155204	0.001811714	0.002110303	0.002452846	0.002844906	0.003292603	0.003802649	0.004382386	0.005039811	0.005783613	0.006623193	0.007568695	0.008631019	0.009821841	0.011153618	0.01263959	0.014293777	0.016130964	0.018166679	0.020417161	0.022899315	0.02563066	0.028629267	0.031913674	0.035502806	0.039415866	0.043672228	0.048291306	0.05329242	0.058694651	0.064516678	0.070776618	0.077491848	0.084678827	0.092352913	0.100528176	0.109217212	0.118430958	0.128178514	0.138466964	0.149301218	0.160683853	0.172614979	0.185092114	0.198110078	0.211660913	0.225733821	0.240315127	0.255388269	0.270933814	0.286929501	0.303350314	0.320168579	0.337354093	0.354874276	0.372694352	0.390777551	0.409085334	0.427577639	0.446213141	0.464949535	0.483743813	0.50255257	0.5213323	0.540039698	0.55863196	0.577067074	0.59530411	0.613303486	0.631027229	0.648439212	0.665505372	0.682193906	0.698475441	0.71432318	0.729713018	0.744623634	0.759036552	0.772936176	0.786309795	0.799147566	0.811442471	0.823190241	0.834389273	0.845040519	0.855147351	0.864715424	0.873752517	0.882268363	0.890274474	0.89778396	0.904811344	0.911372371	0.917483829	0.923163362	0.928429294	0.933300456	0.937796026	0.941935372	0.945737909	0.949222966	0.952409667	0.955316817	0.957962808	0.960365533	0.962542313	0.964509836	0.966284107	0.967880408	0.96931327	0.970596454	0.971742938	0.972764918	0.973673807	0.974480252	0.975194145	0.975824646	0.976380211	0.976868612	0.977296978	0.977671819	0.977999064	0.978284098	0.97853179	0.978746536	0.978932287	0.979092586	0.979230602	0.979349156	0.979450759	0.979537632	0.979611739	0.979674809	0.979728364	0.979773732	0.979812077	0.979844411	0.979871613	0.979894444	0.979913564	0.979929537	0.979942852	0.979953924	0.979963111	0.979970715	0.979976995	0.979982169	0.979986423	0.979989912	0.979992766	0.979995096	0.979996994	0.979998536	0.979999786	0.980000798	0.980001614	0.980002271	0.980002798	0.980003221	0.980003559	0.980003829	0.980004044	0.980004214	0.980004349	0.980004456	0.98000454	0.980004606	0.980004658	0.980004699	0.98000473	0.980004755	0.980004774	0.980004789	0.980004801	0.98000481	0.980004817	0.980004822	0.980004826	0.980004829	0.980004832	0.980004833	0.980004835	0.980004836	0.980004837	0.980004837	0.980004838	0.980004838	0.980004838	0.980004838	0.980004839	0.980004839	0.980004839	0.980004839	0.980004839	0.980004839	0.980004839	0.980004839	0.980004839	0.980004839	0.980004839	0.980004839	0.980004839	0.980004839	0.980004839	0.980004839	0.980004839	0.980004839	0.980004839	0.980004839	0.980004839	0.980004839	0.980004839	0.980004839	0.980004839	0.980004839	0.980004839	0.980004839	0.980004839	0.980004839	0.980004839	0.980004839	0.980004839	0.980004839	0.980004839	0.980004839	0.980004839	0.980004839	0.980004839	0.980004839	0.980004839	0.980004839	0.980004839	0.980004839	0.980004839	end
0.01	0.0033	56	196		8.86919E-06	1.01169E-05	1.15307E-05	1.31313E-05	1.49419E-05	1.69883E-05	1.92992E-05	2.19065E-05	2.48459E-05	2.81567E-05	3.18826E-05	3.60722E-05	4.07792E-05	4.60629E-05	5.1989E-05	5.86297E-05	6.60651E-05	7.43831E-05	8.36804E-05	9.40636E-05	0.00010565	0.000118567	0.000132955	0.00014897	0.000166778	0.000186565	0.000208531	0.000232895	0.000259897	0.000289796	0.000322875	0.00035944	0.000399826	0.000444392	0.000493529	0.000547661	0.000607244	0.000672771	0.000744774	0.000823824	0.000910538	0.001005578	0.001109653	0.001223527	0.001348014	0.001483988	0.001632382	0.001794192	0.001970482	0.002162382	0.002371097	0.002597905	0.002844167	0.003111321	0.003400893	0.003714497	0.004053836	0.00442071	0.004817014	0.005244744	0.005705998	0.006202979	0.006737998	0.007313473	0.007931938	0.008596036	0.009308526	0.010072282	0.010890297	0.011765678	0.01270165	0.013701557	0.014768857	0.015907125	0.017120052	0.01841144	0.019785205	0.02124537	0.022796069	0.024441539	0.026186123	0.028034266	0.029990514	0.032059518	0.034246026	0.036554896	0.038991093	0.041559698	0.044265921	0.047115109	0.050112769	0.053264586	0.056576457	0.060054522	0.063705211	0.067535292	0.07155193	0.075762761	0.080175967	0.084800364	0.089645501	0.094721765	0.100040495	0.105614097	0.111456165	0.117581601	0.124006722	0.130749368	0.137828985	0.145266682	0.153085262	0.161309215	0.169964652	0.179079195	0.18868179	0.198802455	0.209471944	0.220721324	0.232581466	0.245082443	0.258252841	0.272118988	0.286704108	0.302027415	0.318103161	0.334939666	0.352538343	0.370892762	0.389987765	0.409798685	0.430290682	0.451418245	0.473124885	0.495343049	0.517994272	0.540989603	0.564230293	0.58760877	0.611009879	0.634312385	0.657390711	0.680116868	0.702362552	0.72400135	0.744911	0.764975643	0.784088017	0.802151511	0.819082045	0.834809698	0.849280042	0.86245515	0.874314237	0.884853917	0.89408807	0.902047328	0.908778185	0.914341774	0.918812338	0.922275447	0.924826021	0.926566202	0.927603153	0.928046841	0.928007856	0.927595331	0.926915012	0.926067514	0.925146809	0.924238959	0.923421123	0.922760831	0.922315537	0.922132431	0.922248498	0.922690797	0.923476939	0.92461572	0.926107892	0.92794703	0.930120458	0.932610213	0.935394013	0.938446201	0.941738649	0.9452416	0.948924441	0.952756384	0.956707064	0.960747046	0.964848235	0.968984201	0.973130425	0.977264461	0.981366038	0.985417096	0.989401773	0.993306355	0.997119185	1.000830549	1.004432549	1.007918954	1.011285055	1.014527508	1.017644189	1.020634044	1.023496957	1.026233617	1.028845398	1.031334254	1.033702619	1.035953318	1.038089492	1.040114526	1.042031995	1.043845605	1.045559157	1.047176503	1.048701516	1.050138065	1.051489989	1.052761084	1.05395508	1.055075635	1.056126321	1.057110618	1.058031907	1.058893466	1.059698465	1.060449963	1.061150909	1.061804141	1.062412382	1.062978244	1.063504229	1.063992727	1.064446023	1.064866293	1.06525561	1.065615947	1.065949174	1.066257069	1.066541314	1.066803502	1.067045138	1.067267643	1.067472357	1.067660542	1.067833384	1.067991999	1.068137434	1.06827067	1.068392626	1.068504163	1.068606082	1.068699134	1.068784019	1.068861386	1.068931841	1.068995947	1.069054227	1.069107164	1.069155208	1.069198773	1.069238244	1.069273974	1.069306291	1.069335496	1.069361865	1.069385654	1.069407097	1.069426409	1.069443787	1.069459411	1.069473446	1.069486043	1.06949734	1.069507462	1.069516523	1.069524629	1.069531873	1.069538342	1.069544113	1.069549258	1.06955384	1.069557918	1.069561543	1.069564765	1.069567624	1.06957016	1.069572407	1.069574396	1.069576156	1.069577711	1.069579085	1.069580297	1.069581365	1.069582307	1.069583135	1.069583863	end
0.02	0.0033	56	196		0.009561749	0.009832627	0.010110704	0.010396157	0.010689166	0.010989917	0.0112986	0.011615408	0.011940538	0.012274192	0.012616578	0.012967906	0.013328392	0.013698256	0.014077724	0.014467025	0.014866394	0.015276072	0.015696304	0.016127341	0.016569437	0.017022856	0.017487862	0.01796473	0.018453737	0.018955168	0.019469312	0.019996466	0.020536932	0.02109102	0.021659044	0.022241326	0.022838194	0.023449984	0.024077037	0.024719704	0.025378339	0.026053308	0.02674498	0.027453736	0.02817996	0.028924049	0.029686404	0.030467438	0.031267568	0.032087225	0.032926846	0.033786878	0.034667778	0.035570013	0.036494061	0.037440411	0.038409564	0.039402034	0.040418346	0.041459042	0.04252468	0.043615831	0.044733088	0.045877062	0.047048389	0.048247727	0.049475762	0.050733213	0.052020831	0.05333941	0.054689785	0.056072844	0.057489532	0.058940857	0.060427904	0.06195184	0.063513928	0.065115541	0.066758173	0.068443458	0.070173184	0.071949319	0.073774029	0.0756497	0.077578968	0.079564749	0.081610261	0.083719068	0.085895107	0.088142729	0.090466738	0.092872429	0.095365635	0.097952767	0.100640858	0.103437608	0.106351426	0.109391474	0.112567702	0.115890892	0.11937268	0.123025594	0.126863063	0.130899438	0.13514999	0.139630905	0.144359261	0.149352999	0.154630869	0.160212372	0.16611767	0.172367494	0.178983016	0.185985714	0.193397208	0.201239078	0.209532664	0.218298838	0.227557769	0.237328656	0.247629456	0.258476597	0.26988467	0.281866129	0.294430975	0.307586444	0.3213367	0.33568254	0.350621105	0.366145622	0.382245163	0.398904441	0.416103633	0.433818256	0.45201908	0.470672096	0.489738539	0.509174965	0.528933393	0.548961506	0.56920292	0.589597506	0.610081785	0.630589377	0.651051501	0.671397539	0.69155563	0.711453319	0.731018227	0.750178747	0.768864758	0.787008345	0.804544505	0.821411852	0.837553284	0.852916629	0.867455235	0.881128512	0.893902415	0.905749851	0.916651017	0.926593654	0.935573215	0.943592952	0.950663902	0.956804798	0.962041884	0.966408647	0.969945468	0.972699207	0.974722706	0.976074243	0.976816929	0.977018063	0.976748456	0.976081727	0.975093593	0.97386115	0.972462164	0.970974376	0.969474834	0.968039259	0.966741447	0.965652723	0.964841441	0.964372552	0.964307214	0.964702481	0.965611047	0.96708105	0.969155946	0.971874436	0.975270454	0.979373211	0.984207282	0.989792747	0.996145367	1.003276794	1.01119482	1.019903636	1.029404126	1.03969416	1.05076891	1.062621154	1.075241595	1.088619164	1.102741322	1.117594346	1.133163602	1.149433805	1.166389256	1.184014062	1.202292337	1.221208381	1.240746836	1.260892826	1.281632073	1.302950994	1.324836783	1.347277472	1.370261974	1.393780119	1.417822669	1.442381327	1.467448728	1.49301843	1.51908489	1.545643438	1.572690243	1.600222276	1.628237271	1.656733685	1.685710648	1.715167925	1.745105872	1.775525389	1.80642788	1.837815214	1.869689684	1.902053967	1.934911098	1.968264427	2.002117594	2.036474502	2.071339286	2.106716294	2.142610062	2.179025296	2.215966854	2.253439728	2.291449033	2.329999992	2.369097923	2.408748233	2.448956406	2.489727995	2.531068615	2.57298394	2.615479692	2.658561642	2.702235601	2.746507419	2.791382982	2.836868207	2.882969042	2.929691462	2.977041466	3.02502508	3.07364835	3.122917343	3.172838145	3.223416861	3.274659612	3.326572536	3.379161783	3.432433522	3.486393929	3.541049195	3.596405522	3.652469122	3.709246215	3.766743029	3.824965802	3.883920777	3.943614201	4.004052328	4.065241414	4.127187721	4.189897509	4.253377042	4.317632583	4.382670393	4.448496734	4.515117863	4.582540034	4.650769497	4.719812495	4.789675266	4.860364038	4.931885033	5.00424446	5.077448521	5.151503404	5.226415283	end
0.03	0.0033	56	196		1.17045E-07	1.43203E-07	1.74963E-07	2.13471E-07	2.60095E-07	3.16463E-07	3.84515E-07	4.66555E-07	5.65317E-07	6.8404E-07	8.26553E-07	9.97379E-07	1.20185E-06	1.44625E-06	1.73794E-06	2.08559E-06	2.49934E-06	2.99105E-06	3.57458E-06	4.26608E-06	5.08436E-06	6.05127E-06	7.19219E-06	8.5365E-06	1.01182E-05	1.19765E-05	1.41568E-05	1.67111E-05	1.96992E-05	2.319E-05	2.72621E-05	3.20056E-05	3.75232E-05	4.3932E-05	5.13655E-05	5.9975E-05	6.99325E-05	8.14325E-05	9.46949E-05	0.000109968	0.000127531	0.0001477	0.000170827	0.000197308	0.000227586	0.000262157	0.000301572	0.000346446	0.000397463	0.000455379	0.000521035	0.000595358	0.000679372	0.000774205	0.000881097	0.001001408	0.001136632	0.001288397	0.001458485	0.001648835	0.001861556	0.002098937	0.002363459	0.002657804	0.002984865	0.003347759	0.003749838	0.004194694	0.004686175	0.005228393	0.005825729	0.006482846	0.007204693	0.007996513	0.008863847	0.009812539	0.010848737	0.011978895	0.013209769	0.01454842	0.016002204	0.017578766	0.01928603	0.02113219	0.023125691	0.025275217	0.027589664	0.030078124	0.032749856	0.035614257	0.038680831	0.041959155	0.045458841	0.049189495	0.053160677	0.057381853	0.061862348	0.0666113	0.071637606	0.076949869	0.082556351	0.088464916	0.094682985	0.101217482	0.108074799	0.115260753	0.122780562	0.130638829	0.138839546	0.147386112	0.156281389	0.165527775	0.175127329	0.185081932	0.1953935	0.20606425	0.217097021	0.228495643	0.240265351	0.252413226	0.26494864	0.27788367	0.29123344	0.305016347	0.319254087	0.333971453	0.34919581	0.364956196	0.381282019	0.3982013	0.415738486	0.433911866	0.452730672	0.472192	0.492277715	0.512951553	0.534156658	0.555813799	0.577820505	0.600051321	0.622359348	0.644579127	0.666530864	0.688025872	0.708873006	0.728885775	0.747889743	0.765729758	0.782276582	0.797432446	0.811135187	0.823360663	0.83412328	0.843474601	0.851500142	0.858314564	0.864055629	0.86887729	0.872942401	0.876415492	0.879456013	0.882212436	0.884817465	0.887384532	0.890005644	0.892750555	0.895667142	0.898782799	0.902106635	0.905632224	0.909340656	0.913203682	0.917186747	0.921251756	0.92535949	0.929471583	0.933552054	0.937568406	0.941492315	0.945299982	0.948972185	0.952494129	0.95585512	0.959048154	0.962069441	0.964917916	0.967594769	0.970103	0.972447024	0.974632318	0.976665133	0.978552245	0.980300754	0.981917928	0.983411071	0.984787434	0.986054135	0.98721811	0.988286067	0.989264468	0.990159501	0.990977075	0.991722808	0.992402031	0.993019784	0.993580825	0.994089628	0.994550397	0.994967068	0.995343324	0.995682597	0.995988086	0.996262761	0.996509378	0.996730486	0.99692844	0.997105412	0.997263399	0.997404236	0.997529606	0.997641047	0.997739966	0.997827644	0.997905247	0.997973836	0.998034369	0.998087718	0.998134667	0.998175925	0.998212131	0.998243857	0.998271618	0.998295875	0.998317039	0.99833548	0.998351523	0.998365462	0.998377554	0.99838803	0.998397092	0.99840492	0.998411672	0.998417489	0.998422491	0.998426788	0.998430474	0.99843363	0.998436329	0.998438634	0.9984406	0.998442274	0.998443698	0.998444907	0.998445932	0.998446799	0.998447533	0.998448153	0.998448675	0.998449114	0.998449484	0.998449794	0.998450054	0.998450272	0.998450454	0.998450606	0.998450733	0.998450838	0.998450926	0.998450998	0.998451059	0.998451108	0.99845115	0.998451184	0.998451212	0.998451235	0.998451254	0.998451269	0.998451282	0.998451292	0.998451301	0.998451308	0.998451313	0.998451318	0.998451322	0.998451325	0.998451327	0.998451329	0.998451331	0.998451332	0.998451333	0.998451334	0.998451335	0.998451335	0.998451336	0.998451336	0.998451336	0.998451336	0.998451337	0.998451337	0.998451337	end
0.04	0.0033	56	196		1.37766E-10	1.87094E-10	2.53524E-10	3.42781E-10	4.6244E-10	6.22492E-10	8.36089E-10	1.1205E-09	1.49835E-09	1.9992E-09	2.66158E-09	3.53563E-09	4.68636E-09	6.19795E-09	8.17906E-09	1.07697E-08	1.41496E-08	1.85495E-08	2.42642E-08	3.16696E-08	4.12445E-08	5.35964E-08	6.94946E-08	8.99112E-08	1.16071E-07	1.49514E-07	1.92171E-07	2.46459E-07	3.1539E-07	4.0272E-07	5.13107E-07	6.52324E-07	8.27505E-07	1.04744E-06	1.32294E-06	1.66727E-06	2.09664E-06	2.63086E-06	3.29401E-06	4.11537E-06	5.13037E-06	6.38183E-06	7.92135E-06	9.81096E-06	1.2125E-05	1.49525E-05	1.83995E-05	2.25922E-05	2.76805E-05	3.38417E-05	4.12852E-05	5.02574E-05	6.10481E-05	7.39964E-05	8.94985E-05	0.000108016	0.000130087	0.000156331	0.000187469	0.00022433	0.000267865	0.000319169	0.000379491	0.000450255	0.000533081	0.000629807	0.00074251	0.000873533	0.001025508	0.001201389	0.001404476	0.001638446	0.001907389	0.002215832	0.002568778	0.002971735	0.003430751	0.003952443	0.004544028	0.005213356	0.005968932	0.006819942	0.007776274	0.008848536	0.010048063	0.01138693	0.012877945	0.014534647	0.016371289	0.018402813	0.020644822	0.023113532	0.025825725	0.028798683	0.032050114	0.035598067	0.039460837	0.043656857	0.048204577	0.05312234	0.05842824	0.064139977	0.070274707	0.076848971	0.083879515	0.091390932	0.099459407	0.108379903	0.11905135	0.13328375	0.152881314	0.176786629	0.199098106	0.212640916	0.216020497	0.215148969	0.21707796	0.22448438	0.236147185	0.250044337	0.264964137	0.280450239	0.296370373	0.312679105	0.329345502	0.346338669	0.363625847	0.381172385	0.398941934	0.416896671	0.434997533	0.45320448	0.471476754	0.489773156	0.508052324	0.526273013	0.544394372	0.562376222	0.580179321	0.59776562	0.615098508	0.632143038	0.648866137	0.665236795	0.681226229	0.696808031	0.711958285	0.72665566	0.740881478	0.754619758	0.76785723	0.780583333	0.792790177	0.804472494	0.815627562	0.82625511	0.836357208	0.845938137	0.855004255	0.86356384	0.871626933	0.879205172	0.886311619	0.892960588	0.899167475	0.904948581	0.910320948	0.915302193	0.919910358	0.924163751	0.928080816	0.931679996	0.934979617	0.937997777	0.940752246	0.943260383	0.945539057	0.947604583	0.94947267	0.951158372	0.952676059	0.954039391	0.955261298	0.956353976	0.957328886	0.958196755	0.958967589	0.959650692	0.96025468	0.96078751	0.961256503	0.961668375	0.962029264	0.962344769	0.962619972	0.962859479	0.96306745	0.963247629	0.963403377	0.963537703	0.963653291	0.96375253	0.963837541	0.963910198	0.963972158	0.964024874	0.964069625	0.964107529	0.964139561	0.964166569	0.96418929	0.96420836	0.964224332	0.964237677	0.964248802	0.964258056	0.964265736	0.964272096	0.96427735	0.964281681	0.964285243	0.964288166	0.964290559	0.964292514	0.964294107	0.964295403	0.964296454	0.964297305	0.964297992	0.964298546	0.964298992	0.964299349	0.964299635	0.964299863	0.964300045	0.96430019	0.964300305	0.964300396	0.964300467	0.964300524	0.964300568	0.964300603	0.96430063	0.964300652	0.964300668	0.964300681	0.964300691	0.964300699	0.964300705	0.964300709	0.964300713	0.964300716	0.964300718	0.964300719	0.964300721	0.964300721	0.964300722	0.964300723	0.964300723	0.964300723	0.964300724	0.964300724	0.964300724	0.964300724	0.964300724	0.964300724	0.964300724	0.964300724	0.964300724	0.964300724	0.964300724	0.964300724	0.964300724	0.964300724	0.964300724	0.964300724	0.964300724	0.964300724	0.964300724	0.964300724	0.964300724	0.964300724	0.964300724	0.964300724	0.964300724	0.964300724	0.964300724	0.964300724	0.964300724	0.964300724	0.964300724	0.964300724	0.964300724	0.964300724	0.964300724	0.964300724	0.964300724	0.964300724	0.964300724	0.964300724	end
0.05	0.0033	56	196		1.70037E-09	2.21811E-09	2.88805E-09	3.75324E-09	4.86846E-09	6.30316E-09	8.14531E-09	1.05061E-08	1.35255E-08	1.73801E-08	2.22913E-08	2.85366E-08	3.6463E-08	4.65037E-08	5.91981E-08	7.52166E-08	9.53904E-08	1.20749E-07	1.52562E-07	1.92396E-07	2.42178E-07	3.0427E-07	3.81569E-07	4.77612E-07	5.96713E-07	7.44124E-07	9.26221E-07	1.15073E-06	1.427E-06	1.76631E-06	2.18222E-06	2.69106E-06	3.31238E-06	4.06959E-06	4.99061E-06	6.10874E-06	7.46352E-06	9.10187E-06	1.10793E-05	1.34615E-05	1.63256E-05	1.97625E-05	2.38789E-05	2.87994E-05	3.467E-05	4.16604E-05	4.99681E-05	5.98225E-05	7.14889E-05	8.52736E-05	0.00010153	0.000120664	0.000143142	0.000169498	0.000200339	0.000236361	0.000278351	0.000327205	0.000383935	0.000449683	0.000525735	0.000613537	0.000714708	0.000831059	0.000964608	0.001117602	0.001292534	0.001492163	0.001719536	0.001978008	0.002271266	0.002603349	0.00297867	0.003402041	0.003878691	0.004414288	0.005014959	0.00568731	0.006438443	0.007275966	0.008208014	0.009243251	0.010390881	0.01166065	0.013062842	0.014608279	0.016308305	0.018174771	0.020220016	0.022456835	0.024898449	0.027558462	0.030450813	0.033589721	0.036989626	0.040665118	0.044630863	0.048901517	0.053491643	0.058415613	0.063687506	0.069321007	0.075329293	0.081724923	0.088519722	0.095724662	0.103349747	0.111403892	0.119894812	0.128828908	0.138211168	0.148045078	0.158332611	0.169074382	0.180270342	0.191921799	0.204036529	0.216640083	0.229797666	0.243650414	0.258464494	0.274678315	0.292913517	0.313899343	0.338267245	0.366221743	0.397181372	0.429567431	0.460928287	0.488473809	0.509886664	0.524090315	0.531621776	0.53442775	0.535184191	0.536459186	0.540070123	0.546834308	0.556695586	0.569060072	0.583149111	0.598246718	0.613811694	0.629487538	0.645061835	0.660415488	0.675482046	0.690221805	0.704607831	0.718619388	0.73223921	0.745452494	0.758246568	0.770610799	0.782536549	0.794017156	0.80504789	0.815625914	0.825750218	0.835421551	0.844642337	0.853416589	0.861749806	0.869648875	0.877121954	0.884178363	0.890828467	0.897083557	0.902955736	0.908457798	0.913603116	0.918405528	0.92287923	0.927038675	0.930898469	0.934473281	0.937777761	0.940826451	0.94363372	0.946213695	0.948580198	0.950746701	0.952726277	0.954531561	0.956174719	0.957667422	0.959020829	0.960245568	0.961351732	0.962348872	0.963245996	0.964051579	0.964773563	0.965419375	0.965995936	0.966509677	0.96696656	0.967372091	0.967731349	0.968048997	0.968329314	0.968576209	0.968793246	0.968983668	0.969150416	0.969296152	0.969423277	0.969533954	0.969630125	0.969713529	0.969785722	0.96984809	0.969901867	0.969948145	0.969987894	0.97002197	0.970051124	0.970076021	0.97009724	0.97011529	0.970130615	0.970143601	0.970154583	0.970163853	0.970171663	0.97017823	0.970183741	0.970188357	0.970192216	0.970195436	0.970198117	0.970200346	0.970202195	0.970203725	0.97020499	0.970206033	0.970206892	0.970207597	0.970208176	0.970208649	0.970209036	0.970209351	0.970209607	0.970209816	0.970209984	0.970210121	0.970210231	0.97021032	0.970210392	0.970210449	0.970210495	0.970210532	0.970210561	0.970210584	0.970210603	0.970210618	0.970210629	0.970210639	0.970210646	0.970210652	0.970210656	0.97021066	0.970210662	0.970210665	0.970210666	0.970210668	0.970210669	0.970210669	0.97021067	0.97021067	0.970210671	0.970210671	0.970210671	0.970210672	0.970210672	0.970210672	0.970210672	0.970210672	0.970210672	0.970210672	0.970210672	0.970210672	0.970210672	0.970210672	0.970210672	0.970210672	0.970210672	0.970210672	0.970210672	0.970210672	0.970210672	0.970210672	0.970210672	0.970210672	0.970210672	0.970210672	0.970210672	0.970210672	0.970210672	0.970210672	end
0.06	0.0033	56	196		4.3273E-11	5.93367E-11	8.11818E-11	1.10821E-10	1.50944E-10	2.05136E-10	2.78161E-10	3.7634E-10	5.08037E-10	6.84293E-10	9.19645E-10	1.23319E-09	1.64995E-09	2.20265E-09	2.93395E-09	3.89935E-09	5.1709E-09	6.84185E-09	9.03265E-09	1.18985E-08	1.56388E-08	2.05092E-08	2.68368E-08	3.50388E-08	4.56462E-08	5.93331E-08	7.69532E-08	9.95851E-08	1.28588E-07	1.65671E-07	2.12976E-07	2.73183E-07	3.49638E-07	4.46503E-07	5.68947E-07	7.23371E-07	9.17683E-07	1.16163E-06	1.46719E-06	1.84905E-06	2.32518E-06	2.91749E-06	3.65266E-06	4.56305E-06	5.68786E-06	7.07441E-06	8.77973E-06	1.08723E-05	1.34342E-05	1.65636E-05	2.03774E-05	2.50146E-05	3.06404E-05	3.74497E-05	4.56728E-05	5.55806E-05	6.7491E-05	8.17761E-05	9.88702E-05	0.000119279	0.00014359	0.000172483	0.000206743	0.000247275	0.000295117	0.000351459	0.000417659	0.000495266	0.000586036	0.000691962	0.00081529	0.000958553	0.001124593	0.001316592	0.001538103	0.001793079	0.002085905	0.002421435	0.002805016	0.003242533	0.003740428	0.004305744	0.004946144	0.005669946	0.006486146	0.00740444	0.008435241	0.009589693	0.01087968	0.012317826	0.01391749	0.015692752	0.017658394	0.019829868	0.022223255	0.024855215	0.027742927	0.030904015	0.034356465	0.038118532	0.042208629	0.046645215	0.051446665	0.05663113	0.062216395	0.068219716	0.074657668	0.081545965	0.088899301	0.096731172	0.105053727	0.113877661	0.123212266	0.13306591	0.143447606	0.154371065	0.16586391	0.177986192	0.190863349	0.204736919	0.220028827	0.237399642	0.257759993	0.282178087	0.311633528	0.346616196	0.386658103	0.429981485	0.473484801	0.513212564	0.545263396	0.56686342	0.577199016	0.577661943	0.571400923	0.562372498	0.55427839	0.549772256	0.550143301	0.555455053	0.564956584	0.577546089	0.592129777	0.607818259	0.623981349	0.640217016	0.65628813	0.672061203	0.687461187	0.70244344	0.716978538	0.731044943	0.7446258	0.757707676	0.770280076	0.782335256	0.79386812	0.804876127	0.815359196	0.825319583	0.834761762	0.843692274	0.852119577	0.860053885	0.867506997	0.874492124	0.881023719	0.887117295	0.892789257	0.898056735	0.902937412	0.907449377	0.911610969	0.915440639	0.918956822	0.922177813	0.925121665	0.927806085	0.930248351	0.932465239	0.934472958	0.936287093	0.937922573	0.939393626	0.940713765	0.941895771	0.942951682	0.943892799	0.944729687	0.945472192	0.946129456	0.946709938	0.947221438	0.947671124	0.948065566	0.948410761	0.948712168	0.948974742	0.949202963	0.949400874	0.949572109	0.949719925	0.949847235	0.949956632	0.950050423	0.95013065	0.950199119	0.95025742	0.950306949	0.95034893	0.950384433	0.950414388	0.950439605	0.950460784	0.950478532	0.950493371	0.950505749	0.950516051	0.950524605	0.950531692	0.95053755	0.950542381	0.950546356	0.950549619	0.950552292	0.950554476	0.950556257	0.950557705	0.950558881	0.950559833	0.950560602	0.950561222	0.950561721	0.950562121	0.950562442	0.950562697	0.950562901	0.950563063	0.950563192	0.950563294	0.950563374	0.950563437	0.950563487	0.950563526	0.950563557	0.950563581	0.950563599	0.950563614	0.950563625	0.950563634	0.95056364	0.950563645	0.950563649	0.950563652	0.950563655	0.950563656	0.950563658	0.950563659	0.95056366	0.95056366	0.950563661	0.950563661	0.950563661	0.950563661	0.950563662	0.950563662	0.950563662	0.950563662	0.950563662	0.950563662	0.950563662	0.950563662	0.950563662	0.950563662	0.950563662	0.950563662	0.950563662	0.950563662	0.950563662	0.950563662	0.950563662	0.950563662	0.950563662	0.950563662	0.950563662	0.950563662	0.950563662	0.950563662	0.950563662	0.950563662	0.950563662	0.950563662	0.950563662	0.950563662	0.950563662	0.950563662	0.950563662	0.950563662	0.950563662	0.950563662	end
0.07	0.0033	56	196		3.27703E-11	4.486E-11	6.12758E-11	8.35162E-11	1.13581E-10	1.54131E-10	2.08703E-10	2.81981E-10	3.80159E-10	5.11403E-10	6.8646E-10	9.19436E-10	1.2288E-09	1.63869E-09	2.18056E-09	2.8953E-09	3.83596E-09	5.07121E-09	6.68969E-09	8.80555E-09	1.15655E-08	1.51576E-08	1.98223E-08	2.58663E-08	3.36802E-08	4.37597E-08	5.67328E-08	7.33927E-08	9.47398E-08	1.22032E-07	1.56846E-07	2.01158E-07	2.57432E-07	3.28739E-07	4.18893E-07	5.32621E-07	6.75769E-07	8.55545E-07	1.08082E-06	1.36247E-06	1.71384E-06	2.15119E-06	2.69437E-06	3.36745E-06	4.19967E-06	5.22636E-06	6.49012E-06	8.04225E-06	9.94429E-06	1.22699E-05	1.51072E-05	1.85609E-05	2.27556E-05	2.7839E-05	3.39855E-05	4.14011E-05	5.03277E-05	6.10493E-05	7.38983E-05	8.92624E-05	0.000107593	0.000129414	0.000155332	0.000186048	0.00022237	0.000265224	0.000315672	0.000374929	0.000444376	0.000525585	0.000620338	0.000730645	0.000858774	0.001007274	0.001179	0.001377141	0.001605251	0.001867279	0.002167598	0.002511034	0.002902906	0.003349046	0.00385584	0.00443025	0.005079847	0.005812836	0.006638081	0.007565122	0.008604197	0.009766249	0.01106294	0.012506645	0.01411045	0.015888141	0.017854181	0.020023682	0.022412366	0.025036518	0.027912926	0.031058817	0.034491771	0.038229637	0.042290431	0.046692223	0.051453018	0.056590625	0.062122516	0.068065683	0.074436487	0.081250512	0.088522459	0.096266135	0.104494742	0.113221886	0.122464263	0.132247818	0.142620428	0.153675396	0.16559026	0.178682656	0.193476873	0.210760162	0.231589478	0.257196307	0.288744188	0.326934054	0.371526851	0.420937216	0.472099879	0.520773688	0.562310826	0.592722659	0.609710133	0.613290828	0.605784427	0.591162297	0.574008049	0.558458863	0.547454684	0.54245529	0.543590033	0.550071599	0.56067273	0.574115399	0.589306638	0.605428429	0.621927953	0.638460291	0.654822108	0.670896544	0.686615152	0.701934958	0.716826098	0.73126578	0.745235602	0.758720446	0.771708059	0.784188882	0.796155962	0.807604883	0.818533676	0.828942731	0.838834677	0.848214262	0.857088209	0.865465073	0.873355081	0.880769974	0.887722837	0.894227934	0.900300545	0.905956791	0.911213485	0.916087966	0.920597956	0.924761412	0.928596399	0.932120962	0.93535301	0.938310219	0.94100993	0.943469075	0.945704101	0.947730906	0.949564795	0.951220433	0.952711816	0.954052246	0.955254319	0.956329914	0.957290195	0.958145614	0.958905924	0.959580195	0.960176831	0.960703594	0.961167632	0.961575502	0.961933205	0.962246213	0.962519499	0.962757573	0.96296451	0.963143981	0.963299286	0.963433379	0.963548898	0.963648196	0.963733359	0.963806238	0.963868464	0.963921478	0.963966541	0.964004762	0.964037106	0.964064416	0.964087425	0.964106767	0.96412299	0.964136566	0.964147903	0.964157347	0.964165199	0.964171711	0.964177101	0.964181551	0.964185218	0.964188232	0.964190705	0.964192728	0.96419438	0.964195727	0.964196821	0.964197709	0.964198428	0.964199008	0.964199475	0.964199851	0.964200153	0.964200394	0.964200587	0.96420074	0.964200862	0.964200959	0.964201036	0.964201096	0.964201144	0.964201181	0.964201211	0.964201234	0.964201252	0.964201266	0.964201277	0.964201285	0.964201292	0.964201297	0.964201301	0.964201304	0.964201306	0.964201308	0.964201309	0.96420131	0.964201311	0.964201312	0.964201312	0.964201312	0.964201313	0.964201313	0.964201313	0.964201313	0.964201313	0.964201313	0.964201313	0.964201313	0.964201313	0.964201313	0.964201313	0.964201313	0.964201313	0.964201313	0.964201313	0.964201313	0.964201313	0.964201313	0.964201313	0.964201313	0.964201313	0.964201313	0.964201313	0.964201313	0.964201313	0.964201313	0.964201313	0.964201313	0.964201313	0.964201313	0.964201313	0.964201313	0.964201313	0.964201313	end
0.08	0.0033	56	196		1.0508E-12	1.49845E-12	2.13161E-12	3.02495E-12	4.2823E-12	6.04758E-12	8.51989E-12	1.19738E-11	1.67873E-11	2.34787E-11	3.27579E-11	4.5594E-11	6.33064E-11	8.76872E-11	1.21164E-10	1.67017E-10	2.29668E-10	3.15056E-10	4.31148E-10	5.88594E-10	8.01599E-10	1.08905E-09	1.47603E-09	1.99568E-09	2.69179E-09	3.62197E-09	4.86186E-09	6.51049E-09	8.69719E-09	1.15904E-08	1.5409E-08	2.04365E-08	2.70393E-08	3.56895E-08	4.69939E-08	6.17307E-08	8.08946E-08	1.05754E-07	1.37921E-07	1.79443E-07	2.32907E-07	3.01578E-07	3.89563E-07	5.02017E-07	6.45388E-07	8.27728E-07	1.05905E-06	1.3518E-06	1.72136E-06	2.18674E-06	2.77134E-06	3.50389E-06	4.41955E-06	5.56127E-06	6.98136E-06	8.74333E-06	1.09241E-05	1.36164E-05	1.69323E-05	2.1006E-05	2.59982E-05	3.21011E-05	3.95432E-05	4.85962E-05	5.95814E-05	7.28785E-05	8.8934E-05	0.000108272	0.000131508	0.000159356	0.00019265	0.000232358	0.000279598	0.000335659	0.000402024	0.000480394	0.000572712	0.000681192	0.000808348	0.000957027	0.001130443	0.001332214	0.001566394	0.00183752	0.002150644	0.00251138	0.002925941	0.003401182	0.00394464	0.004564572	0.005269993	0.006070711	0.006977355	0.008001405	0.009155206	0.01045199	0.011905878	0.013531877	0.015345871	0.017364602	0.019605628	0.022087287	0.024828631	0.027849358	0.031169722	0.034810439	0.038792565	0.043137386	0.0478663	0.053000752	0.058562295	0.064572985	0.071056502	0.078040781	0.085563489	0.093682433	0.102493677	0.11216027	0.122953166	0.135302001	0.149846173	0.167466551	0.189268193	0.216480099	0.250246728	0.291312879	0.33964733	0.394099423	0.452215174	0.510332161	0.564012516	0.608770419	0.640938427	0.658442865	0.661260683	0.651416898	0.632523471	0.609001907	0.585217685	0.56475582	0.549992066	0.542002054	0.540748052	0.545423738	0.554830577	0.567692115	0.582861384	0.599420193	0.616695805	0.634228958	0.651722777	0.668992104	0.685922721	0.702442727	0.718504465	0.734074089	0.749126014	0.763640156	0.777600652	0.790995279	0.803815178	0.816054694	0.827711244	0.838785183	0.849279656	0.85920043	0.86855571	0.877355951	0.885613642	0.893343102	0.900560257	0.907282425	0.913528096	0.919316718	0.924668492	0.929604168	0.93414486	0.938311862	0.942126487	0.945609912	0.948783038	0.951666371	0.954279907	0.956643042	0.958774493	0.960692226	0.96241341	0.963954377	0.96533059	0.966556628	0.967646183	0.968612057	0.969466175	0.970219604	0.970882573	0.971464502	0.971974036	0.972419081	0.972806837	0.973143847	0.973436027	0.973688716	0.973906712	0.974094314	0.97425536	0.974393269	0.974511073	0.974611454	0.974696779	0.974769126	0.974830318	0.974881947	0.9749254	0.974961881	0.974992434	0.975017958	0.975039229	0.975056911	0.975071575	0.975083704	0.975093713	0.975101951	0.975108715	0.975114256	0.975118783	0.975122472	0.975125472	0.975127904	0.975129872	0.97513146	0.975132739	0.975133765	0.975134588	0.975135245	0.975135769	0.975136185	0.975136516	0.975136777	0.975136983	0.975137146	0.975137273	0.975137373	0.975137451	0.975137512	0.975137559	0.975137596	0.975137625	0.975137646	0.975137663	0.975137676	0.975137686	0.975137694	0.9751377	0.975137704	0.975137707	0.97513771	0.975137712	0.975137713	0.975137714	0.975137715	0.975137716	0.975137716	0.975137717	0.975137717	0.975137717	0.975137717	0.975137717	0.975137717	0.975137717	0.975137717	0.975137717	0.975137717	0.975137717	0.975137717	0.975137717	0.975137717	0.975137717	0.975137718	0.975137718	0.975137718	0.975137718	0.975137718	0.975137718	0.975137718	0.975137718	0.975137718	0.975137718	0.975137718	0.975137718	0.975137718	0.975137718	0.975137718	0.975137718	0.975137718	0.975137718	0.975137718	0.975137718	0.975137718	0.975137718	0.975137718	end
0.09	0.0033	56	196		4.69908E-13	6.77096E-13	9.73202E-13	1.39531E-12	1.99551E-12	2.84678E-12	4.05108E-12	5.75047E-12	8.1424E-12	1.15006E-11	1.62033E-11	2.27722E-11	3.19245E-11	4.46439E-11	6.22757E-11	8.6655E-11	1.20279E-10	1.66534E-10	2.30005E-10	3.16877E-10	4.35478E-10	5.96984E-10	8.16357E-10	1.11357E-09	1.51524E-09	2.05667E-09	2.78466E-09	3.76099E-09	5.06706E-09	6.8098E-09	9.1293E-09	1.22086E-08	1.62862E-08	2.1672E-08	2.87677E-08	3.80924E-08	5.03152E-08	6.62961E-08	8.71376E-08	1.14249E-07	1.49427E-07	1.94955E-07	2.5373E-07	3.29413E-07	4.2662E-07	5.51155E-07	7.10297E-07	9.13147E-07	1.17105E-06	1.49812E-06	1.91184E-06	2.43385E-06	3.09083E-06	3.91555E-06	4.94823E-06	6.23803E-06	7.84485E-06	9.84155E-06	1.23164E-05	1.53762E-05	1.91495E-05	2.37909E-05	2.94856E-05	3.64549E-05	4.49625E-05	5.53214E-05	6.79025E-05	8.31438E-05	0.000101561	0.000123759	0.000150446	0.000182448	0.000220727	0.000266398	0.000320749	0.000385267	0.000461657	0.000551876	0.000658155	0.000783038	0.000929405	0.001100519	0.001300056	0.001532145	0.001801412	0.002113018	0.002472706	0.00288684	0.00336245	0.003907276	0.004529804	0.005239312	0.006045897	0.006960514	0.007994999	0.009162089	0.010475439	0.011949625	0.013600141	0.015443384	0.017496632	0.019778003	0.022306405	0.02510147	0.028183477	0.031573257	0.035292088	0.039361589	0.043803632	0.048640324	0.053894205	0.059588916	0.065750924	0.072413324	0.079623453	0.087456887	0.096041022	0.10559122	0.116460307	0.12919691	0.144599131	0.163738596	0.187919978	0.218539426	0.25681972	0.303434701	0.358086507	0.41915057	0.483530698	0.54684573	0.603991412	0.650002331	0.681020504	0.695110466	0.692681716	0.676389329	0.650543477	0.620206574	0.590236206	0.564518143	0.54554224	0.534349691	0.530772829	0.533831561	0.542149793	0.554294573	0.568994519	0.585240232	0.602296493	0.619663671	0.637020109	0.654166085	0.670979109	0.687382683	0.703326604	0.718775603	0.733703274	0.748089059	0.76191684	0.775174295	0.787852595	0.799946224	0.811452842	0.822373136	0.832710662	0.842471668	0.8516649	0.860301395	0.868394264	0.875958468	0.883010586	0.889568589	0.89565161	0.901279722	0.906473721	0.911254917	0.915644942	0.919665563	0.923338512	0.926685332	0.929727237	0.932484983	0.934978768	0.937228129	0.93925187	0.941067998	0.942693673	0.944145172	0.945437865	0.946586202	0.947603714	0.948503015	0.94929582	0.949992966	0.950604437	0.951139401	0.951606242	0.952012599	0.952365411	0.952670956	0.952934894	0.953162311	0.953357764	0.953525319	0.953668592	0.953790792	0.953894753	0.953982973	0.954057645	0.95412069	0.954173782	0.95421838	0.954255746	0.954286975	0.954313008	0.954334655	0.954352608	0.95436746	0.954379716	0.954389804	0.954398085	0.954404868	0.954410407	0.954414921	0.954418589	0.954421563	0.954423967	0.954425906	0.954427466	0.954428718	0.954429719	0.954430519	0.954431156	0.954431662	0.954432063	0.95443238	0.954432629	0.954432826	0.95443298	0.9544331	0.954433194	0.954433267	0.954433324	0.954433368	0.954433402	0.954433428	0.954433448	0.954433464	0.954433475	0.954433484	0.954433491	0.954433496	0.9544335	0.954433503	0.954433505	0.954433507	0.954433508	0.954433509	0.95443351	0.954433511	0.954433511	0.954433511	0.954433511	0.954433512	0.954433512	0.954433512	0.954433512	0.954433512	0.954433512	0.954433512	0.954433512	0.954433512	0.954433512	0.954433512	0.954433512	0.954433512	0.954433512	0.954433512	0.954433512	0.954433512	0.954433512	0.954433512	0.954433512	0.954433512	0.954433512	0.954433512	0.954433512	0.954433512	0.954433512	0.954433512	0.954433512	0.954433512	0.954433512	0.954433512	0.954433512	0.954433512	0.954433512	0.954433512	0.954433512	0.954433512	end
0.1	0.0033	56	196		3.55084E-11	4.82321E-11	6.5379E-11	8.84375E-11	1.1938E-10	1.60814E-10	2.16179E-10	2.90002E-10	3.88227E-10	5.18643E-10	6.91433E-10	9.19878E-10	1.22126E-09	1.61803E-09	2.13927E-09	2.82256E-09	3.71639E-09	4.88315E-09	6.40293E-09	8.37837E-09	1.09406E-08	1.42569E-08	1.85401E-08	2.40603E-08	3.11596E-08	4.02705E-08	5.19381E-08	6.68481E-08	8.58611E-08	1.10055E-07	1.40775E-07	1.79701E-07	2.28918E-07	2.91015E-07	3.69198E-07	4.67423E-07	5.90567E-07	7.44624E-07	9.36944E-07	1.17652E-06	1.47433E-06	1.84375E-06	2.30102E-06	2.86583E-06	3.56199E-06	4.41822E-06	5.4691E-06	6.75613E-06	8.32905E-06	1.02473E-05	1.25816E-05	1.54163E-05	1.88514E-05	2.30051E-05	2.80171E-05	3.4052E-05	4.1303E-05	4.99967E-05	6.03981E-05	7.28162E-05	8.76105E-05	0.000105198	0.000126063	0.000150761	0.000179937	0.000214328	0.000254781	0.000302263	0.000357878	0.000422878	0.000498689	0.000586919	0.000689385	0.000808132	0.000945454	0.00110392	0.001286397	0.001496078	0.001736506	0.002011606	0.002325707	0.00268358	0.003090457	0.003552067	0.004074661	0.00466504	0.00533058	0.006079258	0.006919669	0.007861053	0.008913301	0.010086973	0.011393302	0.012844195	0.014452229	0.016230639	0.018193304	0.020354714	0.022729941	0.025334597	0.02818478	0.031297012	0.034688172	0.038375416	0.042376083	0.046707605	0.051387396	0.056432754	0.061860777	0.06768833	0.073932178	0.080609464	0.087738957	0.095343841	0.103457343	0.112133237	0.121463939	0.13160912	0.142836771	0.155575397	0.170469669	0.188422673	0.210597716	0.238346144	0.273031108	0.31573649	0.366886941	0.425852168	0.490650125	0.557877819	0.622967199	0.680784168	0.726480345	0.756407643	0.768857547	0.764416861	0.745835968	0.717448432	0.684309038	0.651284737	0.622319569	0.600014372	0.585552363	0.578904952	0.579197414	0.585108456	0.595209105	0.608193404	0.622996472	0.63882317	0.655120978	0.671527934	0.687817401	0.703851333	0.719545914	0.734848843	0.749725584	0.76415166	0.778108631	0.791582117	0.804560886	0.817036425	0.829002742	0.84045624	0.85139562	0.861821776	0.871737692	0.881148317	0.89006044	0.89848255	0.906424695	0.913898326	0.920916153	0.927491985	0.933640579	0.939377488	0.944718913	0.949681562	0.954282505	0.95853905	0.962468618	0.966088624	0.969416376	0.972468975	0.975263226	0.977815564	0.980141984	0.982257981	0.984178502	0.985917905	0.987489926	0.988907656	0.990183524	0.991329288	0.992356031	0.993274163	0.99409343	0.994822927	0.99547111	0.996045821	0.996554307	0.997003242	0.997398761	0.997746479	0.998051525	0.998318566	0.998551842	0.998755189	0.998932071	0.999085605	0.999218591	0.999333534	0.999432671	0.999517994	0.999591272	0.999654071	0.999707777	0.999753608	0.999792636	0.9998258	0.999853921	0.999877716	0.999897808	0.999914736	0.999928969	0.99994091	0.999950907	0.999959259	0.999966222	0.999972014	0.999976822	0.999980805	0.999984097	0.999986813	0.999989048	0.999990884	0.999992388	0.999993619	0.999994623	0.999995441	0.999996106	0.999996645	0.999997081	0.999997433	0.999997717	0.999997945	0.999998129	0.999998275	0.999998392	0.999998486	0.99999856	0.999998619	0.999998666	0.999998703	0.999998732	0.999998755	0.999998773	0.999998787	0.999998798	0.999998806	0.999998813	0.999998818	0.999998822	0.999998826	0.999998828	0.99999883	0.999998831	0.999998832	0.999998833	0.999998834	0.999998834	0.999998835	0.999998835	0.999998835	0.999998835	0.999998836	0.999998836	0.999998836	0.999998836	0.999998836	0.999998836	0.999998836	0.999998836	0.999998836	0.999998836	0.999998836	0.999998836	0.999998836	0.999998836	0.999998836	0.999998836	0.999998836	0.999998836	0.999998836	0.999998836	0.999998836	0.999998836	0.999998836	0.999998836	0.999998836	end
0.11	0.0033	56	196		3.40297E-10	4.48508E-10	5.90022E-10	7.74733E-10	1.01537E-09	1.32825E-09	1.7343E-09	2.26025E-09	2.94019E-09	3.81752E-09	4.94739E-09	6.3997E-09	8.26288E-09	1.06486E-08	1.36975E-08	1.75866E-08	2.25378E-08	2.88291E-08	3.68078E-08	4.69074E-08	5.96668E-08	7.57559E-08	9.60045E-08	1.21439E-07	1.53327E-07	1.93229E-07	2.43062E-07	3.05181E-07	3.82465E-07	4.78431E-07	5.97369E-07	7.44494E-07	9.26137E-07	1.14997E-06	1.42526E-06	1.76318E-06	2.1772E-06	2.68348E-06	3.30138E-06	4.05408E-06	4.96923E-06	6.07975E-06	7.42477E-06	9.05068E-06	1.10124E-05	1.33747E-05	1.62139E-05	1.96199E-05	2.36978E-05	2.8571E-05	3.43833E-05	4.13024E-05	4.95233E-05	5.92722E-05	7.08111E-05	8.44422E-05	0.000100514	0.000119428	0.000141643	0.000167685	0.000198156	0.00023374	0.000275217	0.000323467	0.000379491	0.000444416	0.000519513	0.000606208	0.0007061	0.000820978	0.000952838	0.001103898	0.001276625	0.001473745	0.001698274	0.001953533	0.00224317	0.002571186	0.002941955	0.003360246	0.003831244	0.004360577	0.004954326	0.005619057	0.006361827	0.007190209	0.008112299	0.009136729	0.010272679	0.011529872	0.012918585	0.014449634	0.016134373	0.017984679	0.020012925	0.022231965	0.024655092	0.027296004	0.030168761	0.033287726	0.036667509	0.040322903	0.044268806	0.048520141	0.053091772	0.05799841	0.063254514	0.068874195	0.074871122	0.081258456	0.088048858	0.095254665	0.102888477	0.110964579	0.119502044	0.128530888	0.138103425	0.148313604	0.159327343	0.171425677	0.185059157	0.20090531	0.219911542	0.243295604	0.272469279	0.308854774	0.353583172	0.407101662	0.468764239	0.53652274	0.60684978	0.674994213	0.735590116	0.783530577	0.814915463	0.827830513	0.822741603	0.802390463	0.771222238	0.734508137	0.697400267	0.664148525	0.637632357	0.619249675	0.609104145	0.606371373	0.609713756	0.617642325	0.628770937	0.64195329	0.656323711	0.671275476	0.686409198	0.701475116	0.716322776	0.73086318	0.745043252	0.758830077	0.772201912	0.785143387	0.797643115	0.809692555	0.821285487	0.832417765	0.843087185	0.853293386	0.863037766	0.872323389	0.881154894	0.889538393	0.897481358	0.904992517	0.912081729	0.918759874	0.925038732	0.93093086	0.936449482	0.941608368	0.946421725	0.950904087	0.955070217	0.958935003	0.962513371	0.965820196	0.968870228	0.971678017	0.974257848	0.976623686	0.978789122	0.980767335	0.982571046	0.984212498	0.985703424	0.987055032	0.988277993	0.989382429	0.990377918	0.991273485	0.992077616	0.992798264	0.993442857	0.994018317	0.994531074	0.994987084	0.99539185	0.995750443	0.99606752	0.996347351	0.996593837	0.996810537	0.997000683	0.997167211	0.997312774	0.997439767	0.997550348	0.997646453	0.997729817	0.997801991	0.997864356	0.997918143	0.997964442	0.99800422	0.99803833	0.998067522	0.998092459	0.99811372	0.998131811	0.998147177	0.998160202	0.998171221	0.998180527	0.99818837	0.998194968	0.998200507	0.998205149	0.998209031	0.998212272	0.998214972	0.998217217	0.998219081	0.998220625	0.998221901	0.998222955	0.998223822	0.998224535	0.998225121	0.9982256	0.998225992	0.998226311	0.998226571	0.998226783	0.998226954	0.998227093	0.998227205	0.998227296	0.998227368	0.998227427	0.998227474	0.998227511	0.998227541	0.998227565	0.998227584	0.998227599	0.998227611	0.998227621	0.998227628	0.998227634	0.998227639	0.998227642	0.998227645	0.998227647	0.998227649	0.99822765	0.998227652	0.998227652	0.998227653	0.998227653	0.998227654	0.998227654	0.998227654	0.998227655	0.998227655	0.998227655	0.998227655	0.998227655	0.998227655	0.998227655	0.998227655	0.998227655	0.998227655	0.998227655	0.998227655	0.998227655	0.998227655	0.998227655	0.998227655	0.998227655	0.998227655	0.998227655	0.998227655	end
0.12	0.0033	56	196		1.04529E-10	1.39222E-10	1.85077E-10	2.45564E-10	3.25197E-10	4.29834E-10	5.67054E-10	7.46655E-10	9.81266E-10	1.28714E-09	1.68514E-09	2.202E-09	2.87192E-09	3.73852E-09	4.85736E-09	6.29903E-09	8.15306E-09	1.05327E-08	1.35812E-08	1.74786E-08	2.24518E-08	2.87853E-08	3.68354E-08	4.70474E-08	5.99767E-08	7.63143E-08	9.69184E-08	1.22852E-07	1.55431E-07	1.96278E-07	2.4739E-07	3.11224E-07	3.90788E-07	4.89768E-07	6.12659E-07	7.64941E-07	9.53274E-07	1.18574E-06	1.47211E-06	1.82422E-06	2.25629E-06	2.78545E-06	3.43226E-06	4.22133E-06	5.18207E-06	6.34954E-06	7.76545E-06	9.47934E-06	1.15498E-05	1.40463E-05	1.70504E-05	2.06585E-05	2.49833E-05	3.01573E-05	3.6335E-05	4.36967E-05	5.24523E-05	6.28454E-05	7.51581E-05	8.97165E-05	0.000106897	0.000127131	0.000150916	0.00017882	0.000211493	0.000249674	0.000294207	0.000346044	0.000406268	0.000476098	0.000556908	0.000650243	0.000757834	0.000881614	0.001023743	0.001186622	0.001372916	0.001585575	0.001827857	0.002103349	0.002415991	0.002770101	0.003170396	0.003622017	0.004130549	0.004702047	0.005343053	0.006060617	0.006862316	0.007756265	0.008751133	0.009856153	0.011081125	0.012436418	0.013932969	0.015582276	0.017396383	0.019387861	0.021569785	0.0239557	0.026559585	0.029395806	0.032479061	0.035824327	0.039446783	0.043361742	0.047584573	0.052130619	0.05701513	0.06225323	0.067859968	0.073850575	0.080241127	0.08705003	0.094300992	0.10202859	0.110287982	0.119170748	0.128828938	0.139508675	0.151592587	0.165646479	0.182459874	0.203063421	0.228700567	0.260729846	0.30044113	0.348786632	0.406054605	0.471544832	0.5433301	0.618194596	0.691819134	0.759232905	0.815481808	0.856394563	0.879283637	0.883417389	0.870147622	0.84266066	0.805414044	0.763395351	0.721371984	0.683284422	0.65188065	0.628617663	0.613790968	0.606811864	0.606541056	0.611601255	0.620619832	0.632383356	0.645910154	0.660460958	0.675511659	0.690709212	0.705825556	0.720717791	0.735297753	0.749510818	0.763322247	0.776708948	0.78965481	0.802148193	0.814180642	0.825746239	0.836841277	0.847464079	0.857614874	0.867295695	0.876510275	0.885263948	0.893563534	0.901417227	0.908834475	0.915825857	0.92240296	0.928578254	0.934364969	0.939776969	0.944828639	0.949534764	0.953910422	0.957970876	0.961731478	0.96520757	0.968414407	0.971367067	0.974080392	0.976568913	0.9788468	0.980927812	0.982825253	0.984551939	0.986120169	0.987541704	0.988827751	0.989988952	0.99103538	0.991976538	0.992821364	0.993578238	0.994254993	0.994858927	0.995396825	0.995874973	0.996299177	0.996674788	0.997006725	0.997299492	0.997557207	0.997783625	0.997982158	0.998155899	0.998307649	0.998439932	0.99855502	0.998654953	0.998741557	0.998816464	0.998881126	0.998936836	0.99898474	0.999025851	0.999061063	0.999091165	0.999116846	0.999138715	0.9991573	0.999173063	0.999186408	0.999197682	0.999207189	0.99921519	0.999221911	0.999227545	0.999232258	0.999236194	0.999239475	0.999242203	0.999244468	0.999246345	0.999247897	0.999249178	0.999250233	0.9992511	0.999251811	0.999252394	0.99925287	0.999253259	0.999253575	0.999253832	0.99925404	0.999254209	0.999254345	0.999254455	0.999254543	0.999254614	0.999254671	0.999254717	0.999254753	0.999254782	0.999254805	0.999254823	0.999254838	0.999254849	0.999254858	0.999254865	0.999254871	0.999254875	0.999254879	0.999254881	0.999254883	0.999254885	0.999254886	0.999254887	0.999254888	0.999254889	0.999254889	0.999254889	0.99925489	0.99925489	0.99925489	0.99925489	0.99925489	0.99925489	0.99925489	0.99925489	0.99925489	0.99925489	0.99925489	0.99925489	0.99925489	0.99925489	0.99925489	0.99925489	0.99925489	0.99925489	0.99925489	0.99925489	end
0.13	0.0033	56	196		2.69422E-13	3.86169E-13	5.52191E-13	7.87715E-13	1.12103E-12	1.5916E-12	2.25434E-12	3.18546E-12	4.4905E-12	6.3152E-12	8.86031E-12	1.24017E-11	1.73174E-11	2.41243E-11	3.35272E-11	4.64848E-11	6.42978E-11	8.87264E-11	1.22147E-10	1.67757E-10	2.29856E-10	3.14196E-10	4.2847E-10	5.82926E-10	7.91188E-10	1.07132E-09	1.44723E-09	1.95041E-09	2.62236E-09	3.51749E-09	4.70707E-09	6.28412E-09	8.3698E-09	1.11215E-08	1.47431E-08	1.94981E-08	2.57262E-08	3.38639E-08	4.44711E-08	5.82638E-08	7.61554E-08	9.93077E-08	1.29195E-07	1.67684E-07	2.17131E-07	2.805E-07	3.61516E-07	4.64844E-07	5.96309E-07	7.63169E-07	9.74442E-07	1.2413E-06	1.57756E-06	2.00025E-06	2.53029E-06	3.19333E-06	4.02077E-06	5.05085E-06	6.33011E-06	7.91499E-06	9.87375E-06	1.22888E-05	1.52591E-05	1.89036E-05	2.33644E-05	2.88114E-05	3.54463E-05	4.35088E-05	5.32823E-05	6.51013E-05	7.93594E-05	9.65184E-05	0.000117119	0.00014179	0.000171267	0.000206399	0.00024817	0.000297716	0.000356341	0.000425541	0.000507027	0.000602748	0.000714918	0.000846048	0.000998972	0.00117688	0.001383354	0.001622403	0.001898496	0.002216605	0.002582237	0.003001476	0.003481021	0.004028221	0.004651112	0.005358452	0.006159748	0.007065288	0.00808616	0.009234273	0.010522367	0.011964018	0.013573633	0.015366445	0.017358489	0.019566582	0.022008305	0.024701999	0.027666812	0.030922865	0.034491643	0.038396812	0.042665812	0.047332709	0.052443067	0.058061773	0.064284909	0.071256683	0.07919189	0.088403221	0.099330775	0.112568377	0.128878141	0.149181931	0.174517205	0.205946543	0.24441624	0.290569945	0.344537323	0.405732202	0.47270536	0.543099242	0.613741959	0.680895423	0.740640664	0.789349539	0.824165359	0.843404091	0.846797402	0.835528195	0.812051314	0.779736173	0.742402441	0.703836382	0.667370869	0.635589726	0.610184458	0.591958069	0.580944552	0.576598566	0.578008304	0.584092989	0.593760206	0.60601285	0.620007352	0.635072421	0.650700631	0.666524825	0.682288876	0.697819221	0.713000619	0.727757356	0.742039733	0.755814915	0.769061082	0.781763846	0.793914137	0.80550699	0.816540836	0.827017072	0.836939765	0.846315423	0.855152786	0.863462629	0.87125756	0.878551817	0.885361067	0.8917022	0.89759313	0.903052598	0.90809998	0.912755106	0.917038086	0.920969151	0.924568498	0.927856156	0.93085186	0.933574942	0.936044231	0.93827797	0.940293746	0.942108434	0.943738145	0.945198199	0.946503097	0.947666509	0.94870127	0.949619382	0.950432028	0.951149584	0.951781647	0.952337057	0.952823931	0.953249695	0.95362112	0.953944357	0.95422498	0.954468017	0.954677994	0.95485897	0.955014574	0.955148038	0.955262238	0.955359717	0.955442722	0.955513232	0.955572983	0.955623495	0.955666093	0.955701929	0.955732005	0.955757185	0.955778216	0.955795738	0.955810303	0.955822379	0.955832367	0.95584061	0.955847394	0.955852966	0.95585753	0.95586126	0.955864301	0.955866774	0.95586878	0.955870404	0.955871715	0.955872771	0.955873619	0.9558743	0.955874843	0.955875277	0.955875622	0.955875896	0.955876113	0.955876285	0.95587642	0.955876526	0.955876609	0.955876675	0.955876725	0.955876765	0.955876796	0.95587682	0.955876838	0.955876852	0.955876863	0.955876872	0.955876878	0.955876883	0.955876887	0.95587689	0.955876892	0.955876893	0.955876895	0.955876895	0.955876896	0.955876897	0.955876897	0.955876897	0.955876898	0.955876898	0.955876898	0.955876898	0.955876898	0.955876898	0.955876898	0.955876898	0.955876898	0.955876898	0.955876898	0.955876898	0.955876898	0.955876898	0.955876898	0.955876898	0.955876898	0.955876898	0.955876898	0.955876898	0.955876898	0.955876898	0.955876898	0.955876898	0.955876898	0.955876898	0.955876898	0.955876898	0.955876898	0.955876898	end
0.14	0.0033	56	196		4.64946E-16	7.22712E-16	1.12012E-15	1.73103E-15	2.66736E-15	4.09823E-15	6.2784E-15	9.59051E-15	1.46074E-14	2.21842E-14	3.35934E-14	5.07228E-14	7.63648E-14	1.14637E-13	1.71591E-13	2.56098E-13	3.81119E-13	5.65529E-13	8.36743E-13	1.23444E-12	1.8159E-12	2.66353E-12	3.89551E-12	5.68088E-12	8.26059E-12	1.19771E-11	1.73155E-11	2.49611E-11	3.58788E-11	5.1423E-11	7.34892E-11	1.04722E-10	1.48798E-10	2.10816E-10	2.97823E-10	4.19529E-10	5.89269E-10	8.25305E-10	1.15257E-09	1.60497E-09	2.22853E-09	3.08547E-09	4.25967E-09	5.86385E-09	8.049E-09	1.10168E-08	1.50356E-08	2.04618E-08	2.77664E-08	3.75709E-08	5.0692E-08	6.82001E-08	9.1493E-08	1.22391E-07	1.63256E-07	2.17145E-07	2.87998E-07	3.80882E-07	5.0229E-07	6.60512E-07	8.66104E-07	1.13246E-06	1.47653E-06	1.91968E-06	2.48875E-06	3.21738E-06	4.14754E-06	5.33151E-06	6.83408E-06	8.73538E-06	1.11341E-05	1.41516E-05	1.79362E-05	2.26688E-05	2.85698E-05	3.59057E-05	4.49987E-05	5.62364E-05	7.00838E-05	8.70966E-05	0.000107937	0.000133391	0.000164389	0.000202025	0.000247589	0.000302587	0.000368777	0.000448202	0.000543229	0.000656585	0.000791411	0.000951298	0.001140349	0.001363223	0.001625199	0.00193223	0.002291005	0.002709011	0.003194592	0.003757011	0.004406511	0.005154366	0.006012937	0.006995718	0.008117383	0.009393823	0.010842204	0.012481037	0.01433033	0.016411865	0.01874976	0.021371537	0.024310059	0.0276069	0.031317913	0.03552197	0.040333932	0.045922763	0.052535059	0.060523038	0.070373988	0.082735434	0.098427291	0.118429702	0.143834424	0.175749781	0.215155372	0.262713178	0.318555206	0.38208161	0.451813283	0.525344831	0.599434441	0.670245815	0.73372719	0.786079992	0.824243378	0.846309042	0.851787818	0.841675754	0.818306494	0.785019348	0.745707513	0.704330067	0.664470886	0.629009267	0.599937371	0.578327039	0.564421204	0.557808284	0.557633167	0.562803978	0.572165822	0.584626858	0.599234565	0.615208926	0.631943799	0.648988551	0.666020391	0.682814985	0.699219947	0.715133331	0.730487511	0.74523786	0.759355221	0.772821127	0.785624864	0.797761702	0.809231823	0.820039623	0.830193224	0.839704082	0.848586627	0.856857934	0.864537382	0.87164633	0.878207781	0.884246071	0.889786552	0.894855296	0.899478816	0.903683801	0.907496878	0.910944394	0.914052217	0.91684557	0.91934888	0.921585658	0.923578399	0.925348499	0.926916205	0.92830057	0.929519436	0.930589429	0.931525966	0.93234328	0.933054448	0.933671434	0.934205133	0.93466543	0.935061251	0.935400626	0.935690747	0.935938032	0.936148186	0.936326258	0.936476701	0.936603428	0.936709863	0.936798993	0.93687341	0.936935362	0.936986783	0.937029339	0.937064454	0.937093344	0.937117042	0.937136424	0.93715223	0.937165081	0.9371755	0.937183921	0.937190707	0.937196161	0.93720053	0.93720402	0.9372068	0.937209007	0.937210755	0.937212135	0.937213221	0.937214073	0.93721474	0.93721526	0.937215665	0.937215979	0.937216222	0.937216409	0.937216553	0.937216663	0.937216748	0.937216812	0.937216861	0.937216898	0.937216926	0.937216947	0.937216962	0.937216974	0.937216983	0.93721699	0.937216995	0.937216998	0.937217001	0.937217003	0.937217004	0.937217005	0.937217006	0.937217007	0.937217007	0.937217007	0.937217007	0.937217008	0.937217008	0.937217008	0.937217008	0.937217008	0.937217008	0.937217008	0.937217008	0.937217008	0.937217008	0.937217008	0.937217008	0.937217008	0.937217008	0.937217008	0.937217008	0.937217008	0.937217008	0.937217008	0.937217008	0.937217008	0.937217008	0.937217008	0.937217008	0.937217008	0.937217008	0.937217008	0.937217008	0.937217008	0.937217008	0.937217008	0.937217008	0.937217008	0.937217008	0.937217008	0.937217008	0.937217008	0.937217008	0.937217008	end
0.15	0.0033	56	196		2.80739E-08	3.46452E-08	4.2696E-08	5.25454E-08	6.45784E-08	7.9258E-08	9.71412E-08	1.18896E-07	1.45324E-07	1.77384E-07	2.16219E-07	2.63197E-07	3.19942E-07	3.88391E-07	4.7084E-07	5.70013E-07	6.89131E-07	8.32006E-07	1.00313E-06	1.20781E-06	1.45226E-06	1.74382E-06	2.09105E-06	2.50402E-06	2.99447E-06	3.57612E-06	4.26495E-06	5.07955E-06	6.04153E-06	7.17595E-06	8.51183E-06	1.00827E-05	1.19274E-05	1.40904E-05	1.66232E-05	1.95848E-05	2.30429E-05	2.70749E-05	3.17697E-05	3.72282E-05	4.35659E-05	5.09139E-05	5.94212E-05	6.92569E-05	8.06123E-05	9.37037E-05	0.000108775	0.000126102	0.000145992	0.000168794	0.000194897	0.000224737	0.000258799	0.000297627	0.000341824	0.000392063	0.000449089	0.000513726	0.000586888	0.000669582	0.000762917	0.000868113	0.000986512	0.00111958	0.001268926	0.001436302	0.001623621	0.001832963	0.002066586	0.002326938	0.002616668	0.002938635	0.00329592	0.003691838	0.004129945	0.004614053	0.005148235	0.005736838	0.006384491	0.007096111	0.00787691	0.008732403	0.009668411	0.010691066	0.011806809	0.013022394	0.014344884	0.015781649	0.017340356	0.019028967	0.020855723	0.022829133	0.024957959	0.027251197	0.029718053	0.032367923	0.035210362	0.038255058	0.041511793	0.044990413	0.048700785	0.052652758	0.056856116	0.061320533	0.066055524	0.071070393	0.076374182	0.081975621	0.087883082	0.094104548	0.100647626	0.107519635	0.114727887	0.122280326	0.130186881	0.138462075	0.147129809	0.156231575	0.165839732	0.176077566	0.187147391	0.199366413	0.213207261	0.22933564	0.24863227	0.272181354	0.301205662	0.336931854	0.380380937	0.432098325	0.491862706	0.558436245	0.629431472	0.701363828	0.769928932	0.830493631	0.878731593	0.911285307	0.926314434	0.923805973	0.905573164	0.874943416	0.836208797	0.793963876	0.752470945	0.715170483	0.684405675	0.661371537	0.646249261	0.638456693	0.636939625	0.640441502	0.647712539	0.657643945	0.669332438	0.68209154	0.695429506	0.709011645	0.722619839	0.736116733	0.74941771	0.762470876	0.77524381	0.787715359	0.799870846	0.811699419	0.823192665	0.834343909	0.845147876	0.855600527	0.865698972	0.875441422	0.884827143	0.89385642	0.902530517	0.910851633	0.918822852	0.926448098	0.933732083	0.940680247	0.94729871	0.953594208	0.959574041	0.965246012	0.970618368	0.975699747	0.980499119	0.985025729	0.989289048	0.993298716	0.997064497	1.000596228	1.003903775	1.006996994	1.009885684	1.012579558	1.015088206	1.017421063	1.019587381	1.021596207	1.02345636	1.025176409	1.026764658	1.028229136	1.02957758	1.030817429	1.031955818	1.032999573	1.033955208	1.034828928	1.035626625	1.036353884	1.03701599	1.037617926	1.038164389	1.038659788	1.039108262	1.039513682	1.039879663	1.040209574	1.040506551	1.040773504	1.041013128	1.041227918	1.041420176	1.041592021	1.041745405	1.041882117	1.042003797	1.042111945	1.04220793	1.042293	1.042368289	1.042434827	1.042493549	1.0425453	1.042590843	1.042630865	1.042665987	1.042696765	1.042723697	1.042747232	1.042767768	1.042785663	1.042801234	1.042814764	1.042826504	1.042836675	1.042845476	1.04285308	1.042859641	1.042865294	1.042870157	1.042874335	1.042877919	1.04288099	1.042883617	1.042885862	1.042887776	1.042889407	1.042890795	1.042891973	1.042892973	1.04289382	1.042894536	1.042895142	1.042895652	1.042896082	1.042896443	1.042896747	1.042897002	1.042897215	1.042897394	1.042897543	1.042897667	1.04289777	1.042897857	1.042897928	1.042897987	1.042898036	1.042898077	1.042898111	1.042898138	1.042898161	1.04289818	1.042898195	1.042898208	1.042898218	1.042898226	1.042898233	1.042898239	1.042898244	1.042898247	1.04289825	1.042898253	1.042898255	1.042898256	1.042898258	1.042898259	1.042898259	end
